tricky
90.0,54.2,0,0,0,0,0,0,0,0,2880,32,128,32,1600,32,0,0,0,0,10,4,7
32.0,27.6,0,0,0,0,0,0,0,0,2880,32,128,32,1600,32,0,0,0,0,10,4,7
70.1,19.4,0,0,0,0,0,0,0,0,2880,32,128,32,1600,32,0,0,0,0,10,4,7
99.4,64.0,0,0,0,0,0,0,0,0,2880,32,128,32,1600,32,0,0,0,0,10,4,7
37.3,55.0,0,0,0,0,0,0,0,0,2880,32,128,32,1600,32,0,0,0,0,10,4,7
83.2,7.3,0,0,0,0,0,0,0,0,2880,32,128,32,1600,32,0,0,0,0,10,4,7
68.8,19.2,0,0,0,0,0,0,0,0,2880,32,128,32,1600,32,0,0,0,0,10,4,7
66.0,25.5,0,0,0,0,0,0,0,0,2880,32,128,32,1600,32,0,0,0,0,10,4,7
33.0,30.4,0,0,0,0,0,0,0,0,2880,32,128,32,1600,32,0,0,0,0,10,4,7
8.9,12.2,0,0,0,0,0,0,0,0,2880,32,128,32,1600,32,0,0,0,0,10,4,7
66.0,60.8,0,0,0,0,0,0,0,0,2880,32,128,32,1600,32,0,0,0,0,10,4,7
50.5,50.1,0,0,0,0,0,0,0,0,2880,32,128,32,1600,32,0,0,0,0,10,4,7
44.0,72.4,0,0,0,0,0,0,0,0,2880,32,128,32,1600,32,0,0,0,0,10,4,7
99.0,74.7,0,0,0,0,0,0,0,0,2880,32,128,32,1600,32,0,0,0,0,10,4,7
75.2,22.8,0,0,0,0,0,0,0,0,2880,32,128,32,1600,32,0,0,0,0,10,4,7
60.0,89.8,0,0,0,0,0,0,0,0,2880,32,128,32,1600,32,0,0,0,0,10,4,7
1.7,13.0,0,0,0,0,0,0,0,0,2880,32,128,32,1600,32,0,0,0,0,10,4,7
98.6,52.8,0,0,0,0,0,0,0,0,2880,32,128,32,1600,32,0,0,0,0,10,4,7
65.8,25.1,0,0,0,0,0,0,0,0,2880,32,128,32,1600,32,0,0,0,0,10,4,7
87.5,40.1,0,0,0,0,0,0,0,0,2880,32,128,32,1600,32,0,0,0,0,10,4,7
73.5,96.7,0,0,0,0,0,0,0,0,2880,32,128,32,1600,32,0,0,0,0,10,4,7
63.1,46.3,0,0,0,0,0,0,0,0,2880,32,128,32,1600,32,0,0,0,0,10,4,7
24.5,99.0,0,0,0,0,0,0,0,0,2880,32,128,32,1600,32,0,0,0,0,10,4,7
15.6,64.5,0,0,0,0,0,0,0,0,2880,32,128,32,1600,32,0,0,0,0,10,4,7
54.6,34.1,0,0,0,0,0,0,0,0,2880,32,128,32,1600,32,0,0,0,0,10,4,7
23.8,4.2,0,0,0,0,0,0,0,0,2880,32,128,32,1600,32,0,0,0,0,10,4,7
7.6,89.1,0,0,0,0,0,0,0,0,2880,32,128,32,1600,32,0,0,0,0,10,4,7
62.3,56.1,0,0,0,0,0,0,0,0,2880,32,128,32,1600,32,0,0,0,0,10,4,7
62.8,3.2,0,0,0,0,0,0,0,0,2880,32,128,32,1600,32,0,0,0,0,10,4,7
87.1,58.6,0,0,0,0,0,0,0,0,2880,32,128,32,1600,32,0,0,0,0,10,4,7
18.4,72.5,0,0,0,0,0,0,0,0,2880,32,128,32,1600,32,0,0,0,0,10,4,7
49.7,81.4,0,0,0,0,0,0,0,0,2880,32,128,32,1600,32,0,0,0,0,10,4,7
68.8,93.2,0,0,0,0,0,0,0,0,2880,32,128,32,1600,32,0,0,0,0,10,4,7
43.2,25.8,0,0,0,0,0,0,0,0,2880,32,128,32,1600,32,0,0,0,0,10,4,7
42.9,32.8,0,0,0,0,0,0,0,0,2880,32,128,32,1600,32,0,0,0,0,10,4,7
72.6,83.2,0,0,0,0,0,0,0,0,2880,32,128,32,1600,32,0,0,0,0,10,4,7
16.1,83.3,0,0,0,0,0,0,0,0,2880,32,128,32,1600,32,0,0,0,0,10,4,7
21.6,23.1,0,0,0,0,0,0,0,0,2880,32,128,32,1600,32,0,0,0,0,10,4,7
81.0,18.1,0,0,0,0,0,0,0,0,2880,32,128,32,1600,32,0,0,0,0,10,4,7
56.1,35.1,0,0,0,0,0,0,0,0,2880,32,128,32,1600,32,0,0,0,0,10,4,7
19.0,57.0,0,0,0,0,0,0,0,0,2880,32,128,32,1600,32,0,0,0,0,10,4,7
87.5,50.0,0,0,0,0,0,0,0,0,2880,32,128,32,1600,32,0,0,0,0,10,4,7
5.8,68.8,0,0,0,0,0,0,0,0,2880,32,128,32,1600,32,0,0,0,0,10,4,7
78.8,16.4,0,0,0,0,0,0,0,0,2880,32,128,32,1600,32,0,0,0,0,10,4,7
19.3,29.6,0,0,0,0,0,0,0,0,2880,32,128,32,1600,32,0,0,0,0,10,4,7
85.1,72.2,0,0,0,0,0,0,0,0,2880,32,128,32,1600,32,0,0,0,0,10,4,7
10.7,70.9,0,0,0,0,0,0,0,0,2880,32,128,32,1600,32,0,0,0,0,10,4,7
45.2,30.6,0,0,0,0,0,0,0,0,2880,32,128,32,1600,32,0,0,0,0,10,4,7
97.2,74.4,0,0,0,0,0,0,0,0,2880,32,128,32,1600,32,0,0,0,0,10,4,7
48.2,4.9,0,0,0,0,0,0,0,0,2880,32,128,32,1600,32,0,0,0,0,10,4,7
19.8,34.2,0,0,0,0,0,0,0,0,2880,32,128,32,1600,32,0,0,0,0,10,4,7
52.3,97.3,0,0,0,0,0,0,0,0,2880,32,128,32,1600,32,0,0,0,0,10,4,7
24.2,85.3,0,0,0,0,0,0,0,0,2880,32,128,32,1600,32,0,0,0,0,10,4,7
86.4,75.7,0,0,0,0,0,0,0,0,2880,32,128,32,1600,32,0,0,0,0,10,4,7
86.5,91.8,0,0,0,0,0,0,0,0,2880,32,128,32,1600,32,0,0,0,0,10,4,7
97.7,8.0,0,0,0,0,0,0,0,0,2880,32,128,32,1600,32,0,0,0,0,10,4,7
47.4,70.9,0,0,0,0,0,0,0,0,2880,32,128,32,1600,32,0,0,0,0,10,4,7
40.5,93.5,0,0,0,0,0,0,0,0,2880,32,128,32,1600,32,0,0,0,0,10,4,7
42.9,79.0,0,0,0,0,0,0,0,0,2880,32,128,32,1600,32,0,0,0,0,10,4,7
74.7,25.1,0,0,0,0,0,0,0,0,2880,32,128,32,1600,32,0,0,0,0,10,4,7
83.1,30.2,0,0,0,0,0,0,0,0,2880,32,128,32,1600,32,0,0,0,0,10,4,7
2.1,61.6,0,0,0,0,0,0,0,0,2880,32,128,32,1600,32,0,0,0,0,10,4,7
35.9,10.6,0,0,0,0,0,0,0,0,2880,32,128,32,1600,32,0,0,0,0,10,4,7
52.1,29.3,0,0,0,0,0,0,0,0,2880,32,128,32,1600,32,0,0,0,0,10,4,7
5.5,16.4,0,0,0,0,0,0,0,0,2880,32,128,32,1600,32,0,0,0,0,10,4,7
80.4,56.5,0,0,0,0,0,0,0,0,2880,32,128,32,1600,32,0,0,0,0,10,4,7
27.9,10.8,0,0,0,0,0,0,0,0,2880,32,128,32,1600,32,0,0,0,0,10,4,7
2.0,16.8,0,0,0,0,0,0,0,0,2880,32,128,32,1600,32,0,0,0,0,10,4,7
15.0,86.4,0,0,0,0,0,0,0,0,2880,32,128,32,1600,32,0,0,0,0,10,4,7
86.0,10.2,0,0,0,0,0,0,0,0,2880,32,128,32,1600,32,0,0,0,0,10,4,7
73.4,76.3,0,0,0,0,0,0,0,0,2880,32,128,32,1600,32,0,0,0,0,10,4,7
51.8,90.3,0,0,0,0,0,0,0,0,2880,32,128,32,1600,32,0,0,0,0,10,4,7
60.5,41.3,0,0,0,0,0,0,0,0,2880,32,128,32,1600,32,0,0,0,0,10,4,7
55.7,77.3,0,0,0,0,0,0,0,0,2880,32,128,32,1600,32,0,0,0,0,10,4,7
97.0,36.7,0,0,0,0,0,0,0,0,2880,32,128,32,1600,32,0,0,0,0,10,4,7
13.9,48.8,0,0,0,0,0,0,0,0,2880,32,128,32,1600,32,0,0,0,0,10,4,7
34.4,89.6,0,0,0,0,0,0,0,0,2880,32,128,32,1600,32,0,0,0,0,10,4,7
62.4,28.6,0,0,0,0,0,0,0,0,2880,32,128,32,1600,32,0,0,0,0,10,4,7
47.3,44.4,0,0,0,0,0,0,0,0,2880,32,128,32,1600,32,0,0,0,0,10,4,7
20.9,46.5,0,0,0,0,0,0,0,0,2880,32,128,32,1600,32,0,0,0,0,10,4,7
11.5,52.7,0,0,0,0,0,0,0,0,2880,32,128,32,1600,32,0,0,0,0,10,4,7
41.6,10.9,0,0,0,0,0,0,0,0,2880,32,128,32,1600,32,0,0,0,0,10,4,7
63.6,39.0,0,0,0,0,0,0,0,0,2880,32,128,32,1600,32,0,0,0,0,10,4,7
54.9,46.7,0,0,0,0,0,0,0,0,2880,32,128,32,1600,32,0,0,0,0,10,4,7
81.7,13.7,0,0,0,0,0,0,0,0,2880,32,128,32,1600,32,0,0,0,0,10,4,7
15.2,81.2,0,0,0,0,0,0,0,0,2880,32,128,32,1600,32,0,0,0,0,10,4,7
28.9,3.7,0,0,0,0,0,0,0,0,2880,32,128,32,1600,32,0,0,0,0,10,4,7
97.8,80.8,0,0,0,0,0,0,0,0,2880,32,128,32,1600,32,0,0,0,0,10,4,7
38.5,93.4,0,0,0,0,0,0,0,0,2880,32,128,32,1600,32,0,0,0,0,10,4,7
36.5,71.5,0,0,0,0,0,0,0,0,2880,32,128,32,1600,32,0,0,0,0,10,4,7
80.2,49.1,0,0,0,0,0,0,0,0,2880,32,128,32,1600,32,0,0,0,0,10,4,7
96.1,74.7,0,0,0,0,0,0,0,0,2880,32,128,32,1600,32,0,0,0,0,10,4,7
18.1,36.0,0,0,0,0,0,0,0,0,2880,32,128,32,1600,32,0,0,0,0,10,4,7
64.9,92.4,0,0,0,0,0,0,0,0,2880,32,128,32,1600,32,0,0,0,0,10,4,7
99.1,45.6,0,0,0,0,0,0,0,0,2880,32,128,32,1600,32,0,0,0,0,10,4,7
44.0,20.1,0,0,0,0,0,0,0,0,2880,32,128,32,1600,32,0,0,0,0,10,4,7
51.8,39.3,0,0,0,0,0,0,0,0,2880,32,128,32,1600,32,0,0,0,0,10,4,7
85.0,45.7,0,0,0,0,0,0,0,0,2880,32,128,32,1600,32,0,0,0,0,10,4,7
57.1,21.5,0,0,0,0,0,0,0,0,2880,32,128,32,1600,32,0,0,0,0,10,4,7
98.9,53.0,0,0,0,0,0,0,0,0,2880,32,128,32,1600,32,0,0,0,0,10,4,7
= = = = = = = = = = = =
bla
24.7,31.2,0,0,0,0,0,0,0,0,2880,32,128,32,1600,32,0,0,0,0,10,4,7
7.3,13.3,0,0,0,0,0,0,0,0,2880,32,128,32,1600,32,0,0,0,0,10,4,7
25.7,5.9,0,0,0,0,0,0,0,0,2880,32,128,32,1600,32,0,0,0,0,10,4,7
33.2,28.9,0,0,0,0,0,0,0,0,2880,32,128,32,1600,32,0,0,0,0,10,4,7
10.1,25.6,0,0,0,0,0,0,0,0,2880,32,128,32,1600,32,0,0,0,0,10,4,7
36.8,12.6,0,0,0,0,0,0,0,0,2880,32,128,32,1600,32,0,0,0,0,10,4,7
24.3,32.9,0,0,0,0,0,0,0,0,2880,32,128,32,1600,32,0,0,0,0,10,4,7
26.2,11.5,0,0,0,0,0,0,0,0,2880,32,128,32,1600,32,0,0,0,0,10,4,7
39.8,31.9,0,0,0,0,0,0,0,0,2880,32,128,32,1600,32,0,0,0,0,10,4,7
17.2,16.4,0,0,0,0,0,0,0,0,2880,32,128,32,1600,32,0,0,0,0,10,4,7
38.1,19.9,0,0,0,0,0,0,0,0,2880,32,128,32,1600,32,0,0,0,0,10,4,7
10.7,14.2,0,0,0,0,0,0,0,0,2880,32,128,32,1600,32,0,0,0,0,10,4,7
25.9,7.1,0,0,0,0,0,0,0,0,2880,32,128,32,1600,32,0,0,0,0,10,4,7
17.8,7.4,0,0,0,0,0,0,0,0,2880,32,128,32,1600,32,0,0,0,0,10,4,7
39.7,3.9,0,0,0,0,0,0,0,0,2880,32,128,32,1600,32,0,0,0,0,10,4,7
20.3,18.6,0,0,0,0,0,0,0,0,2880,32,128,32,1600,32,0,0,0,0,10,4,7
24.0,10.2,0,0,0,0,0,0,0,0,2880,32,128,32,1600,32,0,0,0,0,10,4,7
24.3,28.6,0,0,0,0,0,0,0,0,2880,32,128,32,1600,32,0,0,0,0,10,4,7
31.3,17.0,0,0,0,0,0,0,0,0,2880,32,128,32,1600,32,0,0,0,0,10,4,7
30.3,20.0,0,0,0,0,0,0,0,0,2880,32,128,32,1600,32,0,0,0,0,10,4,7
26.7,10.5,0,0,0,0,0,0,0,0,2880,32,128,32,1600,32,0,0,0,0,10,4,7
32.2,31.2,0,0,0,0,0,0,0,0,2880,32,128,32,1600,32,0,0,0,0,10,4,7
14.6,16.8,0,0,0,0,0,0,0,0,2880,32,128,32,1600,32,0,0,0,0,10,4,7
6.2,13.4,0,0,0,0,0,0,0,0,2880,32,128,32,1600,32,0,0,0,0,10,4,7
37.9,8.2,0,0,0,0,0,0,0,0,2880,32,128,32,1600,32,0,0,0,0,10,4,7
10.9,8.2,0,0,0,0,0,0,0,0,2880,32,128,32,1600,32,0,0,0,0,10,4,7
39.3,24.6,0,0,0,0,0,0,0,0,2880,32,128,32,1600,32,0,0,0,0,10,4,7
17.9,29.4,0,0,0,0,0,0,0,0,2880,32,128,32,1600,32,0,0,0,0,10,4,7
15.7,9.7,0,0,0,0,0,0,0,0,2880,32,128,32,1600,32,0,0,0,0,10,4,7
21.1,11.0,0,0,0,0,0,0,0,0,2880,32,128,32,1600,32,0,0,0,0,10,4,7
12.0,32.5,0,0,0,0,0,0,0,0,2880,32,128,32,1600,32,0,0,0,0,10,4,7
11.2,9.7,0,0,0,0,0,0,0,0,2880,32,128,32,1600,32,0,0,0,0,10,4,7
4.0,25.6,0,0,0,0,0,0,0,0,2880,32,128,32,1600,32,0,0,0,0,10,4,7
22.2,9.4,0,0,0,0,0,0,0,0,2880,32,128,32,1600,32,0,0,0,0,10,4,7
10.3,27.7,0,0,0,0,0,0,0,0,2880,32,128,32,1600,32,0,0,0,0,10,4,7
24.4,28.8,0,0,0,0,0,0,0,0,2880,32,128,32,1600,32,0,0,0,0,10,4,7
18.7,29.5,0,0,0,0,0,0,0,0,2880,32,128,32,1600,32,0,0,0,0,10,4,7
3.1,23.1,0,0,0,0,0,0,0,0,2880,32,128,32,1600,32,0,0,0,0,10,4,7
35.3,9.2,0,0,0,0,0,0,0,0,2880,32,128,32,1600,32,0,0,0,0,10,4,7
35.3,8.8,0,0,0,0,0,0,0,0,2880,32,128,32,1600,32,0,0,0,0,10,4,7
bla
34.8,8.9,0,0,0,0,0,0,0,0,2880,32,128,32,1600,32,0,0,0,0,10,4,7
24.5,6.0,0,0,0,0,0,0,0,0,2880,32,128,32,1600,32,0,0,0,0,10,4,7
21.9,9.9,0,0,0,0,0,0,0,0,2880,32,128,32,1600,32,0,0,0,0,10,4,7
37.0,30.9,0,0,0,0,0,0,0,0,2880,32,128,32,1600,32,0,0,0,0,10,4,7
2.3,1.8,0,0,0,0,0,0,0,0,2880,32,128,32,1600,32,0,0,0,0,10,4,7
10.5,15.5,0,0,0,0,0,0,0,0,2880,32,128,32,1600,32,0,0,0,0,10,4,7
13.4,7.1,0,0,0,0,0,0,0,0,2880,32,128,32,1600,32,0,0,0,0,10,4,7
28.5,9.0,0,0,0,0,0,0,0,0,2880,32,128,32,1600,32,0,0,0,0,10,4,7
11.2,4.3,0,0,0,0,0,0,0,0,2880,32,128,32,1600,32,0,0,0,0,10,4,7
29.6,12.1,0,0,0,0,0,0,0,0,2880,32,128,32,1600,32,0,0,0,0,10,4,7
20.3,12.4,0,0,0,0,0,0,0,0,2880,32,128,32,1600,32,0,0,0,0,10,4,7
35.5,30.2,0,0,0,0,0,0,0,0,2880,32,128,32,1600,32,0,0,0,0,10,4,7
4.0,17.8,0,0,0,0,0,0,0,0,2880,32,128,32,1600,32,0,0,0,0,10,4,7
3.8,30.3,0,0,0,0,0,0,0,0,2880,32,128,32,1600,32,0,0,0,0,10,4,7
31.5,20.8,0,0,0,0,0,0,0,0,2880,32,128,32,1600,32,0,0,0,0,10,4,7
18.1,27.3,0,0,0,0,0,0,0,0,2880,32,128,32,1600,32,0,0,0,0,10,4,7
31.5,28.4,0,0,0,0,0,0,0,0,2880,32,128,32,1600,32,0,0,0,0,10,4,7
6.5,3.3,0,0,0,0,0,0,0,0,2880,32,128,32,1600,32,0,0,0,0,10,4,7
18.5,12.3,0,0,0,0,0,0,0,0,2880,32,128,32,1600,32,0,0,0,0,10,4,7
24.1,29.7,0,0,0,0,0,0,0,0,2880,32,128,32,1600,32,0,0,0,0,10,4,7
10.5,29.8,0,0,0,0,0,0,0,0,2880,32,128,32,1600,32,0,0,0,0,10,4,7
27.6,20.2,0,0,0,0,0,0,0,0,2880,32,128,32,1600,32,0,0,0,0,10,4,7
3.6,9.3,0,0,0,0,0,0,0,0,2880,32,128,32,1600,32,0,0,0,0,10,4,7
23.4,21.4,0,0,0,0,0,0,0,0,2880,32,128,32,1600,32,0,0,0,0,10,4,7
33.2,17.1,0,0,0,0,0,0,0,0,2880,32,128,32,1600,32,0,0,0,0,10,4,7
26.4,18.0,0,0,0,0,0,0,0,0,2880,32,128,32,1600,32,0,0,0,0,10,4,7
12.7,13.2,0,0,0,0,0,0,0,0,2880,32,128,32,1600,32,0,0,0,0,10,4,7
20.2,32.9,0,0,0,0,0,0,0,0,2880,32,128,32,1600,32,0,0,0,0,10,4,7
33.1,14.4,0,0,0,0,0,0,0,0,2880,32,128,32,1600,32,0,0,0,0,10,4,7
15.8,28.7,0,0,0,0,0,0,0,0,2880,32,128,32,1600,32,0,0,0,0,10,4,7
13.0,20.9,0,0,0,0,0,0,0,0,2880,32,128,32,1600,32,0,0,0,0,10,4,7
4.9,13.1,0,0,0,0,0,0,0,0,2880,32,128,32,1600,32,0,0,0,0,10,4,7
39.0,20.5,0,0,0,0,0,0,0,0,2880,32,128,32,1600,32,0,0,0,0,10,4,7
32.3,15.3,0,0,0,0,0,0,0,0,2880,32,128,32,1600,32,0,0,0,0,10,4,7
7.1,16.9,0,0,0,0,0,0,0,0,2880,32,128,32,1600,32,0,0,0,0,10,4,7
1.1,20.4,0,0,0,0,0,0,0,0,2880,32,128,32,1600,32,0,0,0,0,10,4,7
27.6,20.8,0,0,0,0,0,0,0,0,2880,32,128,32,1600,32,0,0,0,0,10,4,7
5.4,13.7,0,0,0,0,0,0,0,0,2880,32,128,32,1600,32,0,0,0,0,10,4,7
15.7,9.9,0,0,0,0,0,0,0,0,2880,32,128,32,1600,32,0,0,0,0,10,4,7
29.7,7.8,0,0,0,0,0,0,0,0,2880,32,128,32,1600,32,0,0,0,0,10,4,7
= = = = = = = = = = = =
dummy_collector
5.5,45.9,0,0,0,0,0,0,0,0,2880,32,128,32,1600,32,0,0,0,0,10,4,7
33.5,89.9,0,0,0,0,0,0,0,0,2880,32,128,32,1600,32,0,0,0,0,10,4,7
62.5,31.7,0,0,0,0,0,0,0,0,2880,32,128,32,1600,32,0,0,0,0,10,4,7
32.3,28.5,0,0,0,0,0,0,0,0,2880,32,128,32,1600,32,0,0,0,0,10,4,7
38.4,87.5,0,0,0,0,0,0,0,0,2880,32,128,32,1600,32,0,0,0,0,10,4,7
87.7,34.0,0,0,0,0,0,0,0,0,2880,32,128,32,1600,32,0,0,0,0,10,4,7
6.5,33.9,0,0,0,0,0,0,0,0,2880,32,128,32,1600,32,0,0,0,0,10,4,7
73.8,19.9,0,0,0,0,0,0,0,0,2880,32,128,32,1600,32,0,0,0,0,10,4,7
39.5,87.1,0,0,0,0,0,0,0,0,2880,32,128,32,1600,32,0,0,0,0,10,4,7
93.0,35.6,0,0,0,0,0,0,0,0,2880,32,128,32,1600,32,0,0,0,0,10,4,7
81.4,33.5,0,0,0,0,0,0,0,0,2880,32,128,32,1600,32,0,0,0,0,10,4,7
75.3,18.0,0,0,0,0,0,0,0,0,2880,32,128,32,1600,32,0,0,0,0,10,4,7
78.0,70.0,0,0,0,0,0,0,0,0,2880,32,128,32,1600,32,0,0,0,0,10,4,7
58.7,98.2,0,0,0,0,0,0,0,0,2880,32,128,32,1600,32,0,0,0,0,10,4,7
74.2,28.5,0,0,0,0,0,0,0,0,2880,32,128,32,1600,32,0,0,0,0,10,4,7
72.4,9.6,0,0,0,0,0,0,0,0,2880,32,128,32,1600,32,0,0,0,0,10,4,7
3.6,56.3,0,0,0,0,0,0,0,0,2880,32,128,32,1600,32,0,0,0,0,10,4,7
49.9,80.8,0,0,0,0,0,0,0,0,2880,32,128,32,1600,32,0,0,0,0,10,4,7
83.7,54.9,0,0,0,0,0,0,0,0,2880,32,128,32,1600,32,0,0,0,0,10,4,7
14.0,61.1,0,0,0,0,0,0,0,0,2880,32,128,32,1600,32,0,0,0,0,10,4,7
89.1,95.3,0,0,0,0,0,0,0,0,2880,32,128,32,1600,32,0,0,0,0,10,4,7
73.2,60.0,0,0,0,0,0,0,0,0,2880,32,128,32,1600,32,0,0,0,0,10,4,7
31.6,51.0,0,0,0,0,0,0,0,0,2880,32,128,32,1600,32,0,0,0,0,10,4,7
40.4,26.3,0,0,0,0,0,0,0,0,2880,32,128,32,1600,32,0,0,0,0,10,4,7
60.9,67.2,0,0,0,0,0,0,0,0,2880,32,128,32,1600,32,0,0,0,0,10,4,7
30.1,19.4,0,0,0,0,0,0,0,0,2880,32,128,32,1600,32,0,0,0,0,10,4,7
58.3,74.9,0,0,0,0,0,0,0,0,2880,32,128,32,1600,32,0,0,0,0,10,4,7
74.8,88.9,0,0,0,0,0,0,0,0,2880,32,128,32,1600,32,0,0,0,0,10,4,7
42.5,34.3,0,0,0,0,0,0,0,0,2880,32,128,32,1600,32,0,0,0,0,10,4,7
63.1,31.5,0,0,0,0,0,0,0,0,2880,32,128,32,1600,32,0,0,0,0,10,4,7
90.9,4.0,0,0,0,0,0,0,0,0,2880,32,128,32,1600,32,0,0,0,0,10,4,7
56.4,28.5,0,0,0,0,0,0,0,0,2880,32,128,32,1600,32,0,0,0,0,10,4,7
65.7,24.0,0,0,0,0,0,0,0,0,2880,32,128,32,1600,32,0,0,0,0,10,4,7
54.3,18.6,0,0,0,0,0,0,0,0,2880,32,128,32,1600,32,0,0,0,0,10,4,7
99.7,23.5,0,0,0,0,0,0,0,0,2880,32,128,32,1600,32,0,0,0,0,10,4,7
97.2,33.8,0,0,0,0,0,0,0,0,2880,32,128,32,1600,32,0,0,0,0,10,4,7
15.1,48.4,0,0,0,0,0,0,0,0,2880,32,128,32,1600,32,0,0,0,0,10,4,7
15.9,24.7,0,0,0,0,0,0,0,0,2880,32,128,32,1600,32,0,0,0,0,10,4,7
37.6,41.5,0,0,0,0,0,0,0,0,2880,32,128,32,1600,32,0,0,0,0,10,4,7
59.4,95.4,0,0,0,0,0,0,0,0,2880,32,128,32,1600,32,0,0,0,0,10,4,7
69.9,95.8,0,0,0,0,0,0,0,0,2880,32,128,32,1600,32,0,0,0,0,10,4,7
31.6,25.3,0,0,0,0,0,0,0,0,2880,32,128,32,1600,32,0,0,0,0,10,4,7
14.8,6.7,0,0,0,0,0,0,0,0,2880,32,128,32,1600,32,0,0,0,0,10,4,7
87.3,88.9,0,0,0,0,0,0,0,0,2880,32,128,32,1600,32,0,0,0,0,10,4,7
63.1,46.4,0,0,0,0,0,0,0,0,2880,32,128,32,1600,32,0,0,0,0,10,4,7
7.1,78.1,0,0,0,0,0,0,0,0,2880,32,128,32,1600,32,0,0,0,0,10,4,7
45.5,87.9,0,0,0,0,0,0,0,0,2880,32,128,32,1600,32,0,0,0,0,10,4,7
73.9,9.4,0,0,0,0,0,0,0,0,2880,32,128,32,1600,32,0,0,0,0,10,4,7
78.5,2.1,0,0,0,0,0,0,0,0,2880,32,128,32,1600,32,0,0,0,0,10,4,7
49.1,35.3,0,0,0,0,0,0,0,0,2880,32,128,32,1600,32,0,0,0,0,10,4,7
67.4,49.8,0,0,0,0,0,0,0,0,2880,32,128,32,1600,32,0,0,0,0,10,4,7
64.4,52.4,0,0,0,0,0,0,0,0,2880,32,128,32,1600,32,0,0,0,0,10,4,7
25.2,46.7,0,0,0,0,0,0,0,0,2880,32,128,32,1600,32,0,0,0,0,10,4,7
15.0,30.4,0,0,0,0,0,0,0,0,2880,32,128,32,1600,32,0,0,0,0,10,4,7
53.1,73.7,0,0,0,0,0,0,0,0,2880,32,128,32,1600,32,0,0,0,0,10,4,7
20.1,72.7,0,0,0,0,0,0,0,0,2880,32,128,32,1600,32,0,0,0,0,10,4,7
15.6,49.3,0,0,0,0,0,0,0,0,2880,32,128,32,1600,32,0,0,0,0,10,4,7
82.4,44.9,0,0,0,0,0,0,0,0,2880,32,128,32,1600,32,0,0,0,0,10,4,7
68.8,97.6,0,0,0,0,0,0,0,0,2880,32,128,32,1600,32,0,0,0,0,10,4,7
31.3,78.3,0,0,0,0,0,0,0,0,2880,32,128,32,1600,32,0,0,0,0,10,4,7
89.6,2.4,0,0,0,0,0,0,0,0,2880,32,128,32,1600,32,0,0,0,0,10,4,7
47.4,5.9,0,0,0,0,0,0,0,0,2880,32,128,32,1600,32,0,0,0,0,10,4,7
54.6,63.1,0,0,0,0,0,0,0,0,2880,32,128,32,1600,32,0,0,0,0,10,4,7
97.4,34.4,0,0,0,0,0,0,0,0,2880,32,128,32,1600,32,0,0,0,0,10,4,7
53.2,74.3,0,0,0,0,0,0,0,0,2880,32,128,32,1600,32,0,0,0,0,10,4,7
20.4,18.0,0,0,0,0,0,0,0,0,2880,32,128,32,1600,32,0,0,0,0,10,4,7
42.7,74.3,0,0,0,0,0,0,0,0,2880,32,128,32,1600,32,0,0,0,0,10,4,7
64.4,81.0,0,0,0,0,0,0,0,0,2880,32,128,32,1600,32,0,0,0,0,10,4,7
54.1,2.2,0,0,0,0,0,0,0,0,2880,32,128,32,1600,32,0,0,0,0,10,4,7
1.4,95.9,0,0,0,0,0,0,0,0,2880,32,128,32,1600,32,0,0,0,0,10,4,7
97.3,60.4,0,0,0,0,0,0,0,0,2880,32,128,32,1600,32,0,0,0,0,10,4,7
79.2,94.5,0,0,0,0,0,0,0,0,2880,32,128,32,1600,32,0,0,0,0,10,4,7
28.0,96.1,0,0,0,0,0,0,0,0,2880,32,128,32,1600,32,0,0,0,0,10,4,7
96.7,48.4,0,0,0,0,0,0,0,0,2880,32,128,32,1600,32,0,0,0,0,10,4,7
49.7,61.6,0,0,0,0,0,0,0,0,2880,32,128,32,1600,32,0,0,0,0,10,4,7
79.1,21.9,0,0,0,0,0,0,0,0,2880,32,128,32,1600,32,0,0,0,0,10,4,7
8.0,55.8,0,0,0,0,0,0,0,0,2880,32,128,32,1600,32,0,0,0,0,10,4,7
25.1,74.1,0,0,0,0,0,0,0,0,2880,32,128,32,1600,32,0,0,0,0,10,4,7
1.4,73.7,0,0,0,0,0,0,0,0,2880,32,128,32,1600,32,0,0,0,0,10,4,7
35.8,91.0,0,0,0,0,0,0,0,0,2880,32,128,32,1600,32,0,0,0,0,10,4,7
65.6,13.4,0,0,0,0,0,0,0,0,2880,32,128,32,1600,32,0,0,0,0,10,4,7
14.4,67.4,0,0,0,0,0,0,0,0,2880,32,128,32,1600,32,0,0,0,0,10,4,7
32.4,84.0,0,0,0,0,0,0,0,0,2880,32,128,32,1600,32,0,0,0,0,10,4,7
24.2,89.8,0,0,0,0,0,0,0,0,2880,32,128,32,1600,32,0,0,0,0,10,4,7
93.9,54.8,0,0,0,0,0,0,0,0,2880,32,128,32,1600,32,0,0,0,0,10,4,7
39.0,14.5,0,0,0,0,0,0,0,0,2880,32,128,32,1600,32,0,0,0,0,10,4,7
51.5,46.6,0,0,0,0,0,0,0,0,2880,32,128,32,1600,32,0,0,0,0,10,4,7
18.1,7.2,0,0,0,0,0,0,0,0,2880,32,128,32,1600,32,0,0,0,0,10,4,7
61.6,87.9,0,0,0,0,0,0,0,0,2880,32,128,32,1600,32,0,0,0,0,10,4,7
6.6,78.6,0,0,0,0,0,0,0,0,2880,32,128,32,1600,32,0,0,0,0,10,4,7
68.0,42.8,0,0,0,0,0,0,0,0,2880,32,128,32,1600,32,0,0,0,0,10,4,7
42.6,79.5,0,0,0,0,0,0,0,0,2880,32,128,32,1600,32,0,0,0,0,10,4,7
72.4,89.9,0,0,0,0,0,0,0,0,2880,32,128,32,1600,32,0,0,0,0,10,4,7
50.0,68.0,0,0,0,0,0,0,0,0,2880,32,128,32,1600,32,0,0,0,0,10,4,7
22.2,43.5,0,0,0,0,0,0,0,0,2880,32,128,32,1600,32,0,0,0,0,10,4,7
26.6,56.9,0,0,0,0,0,0,0,0,2880,32,128,32,1600,32,0,0,0,0,10,4,7
7.4,20.3,0,0,0,0,0,0,0,0,2880,32,128,32,1600,32,0,0,0,0,10,4,7
84.7,24.0,0,0,0,0,0,0,0,0,2880,32,128,32,1600,32,0,0,0,0,10,4,7
3.5,11.9,0,0,0,0,0,0,0,0,2880,32,128,32,1600,32,0,0,0,0,10,4,7
70.8,64.0,0,0,0,0,0,0,0,0,2880,32,128,32,1600,32,0,0,0,0,10,4,7
= = = = = = = = = = = =
dummy_forwarder
62.4,63.3,0,0,0,0,0,0,0,0,2880,32,128,32,1600,32,0,0,0,0,10,4,7
81.7,26.9,0,0,0,0,0,0,0,0,2880,32,128,32,1600,32,0,0,0,0,10,4,7
4.6,40.3,0,0,0,0,0,0,0,0,2880,32,128,32,1600,32,0,0,0,0,10,4,7
78.1,14.0,0,0,0,0,0,0,0,0,2880,32,128,32,1600,32,0,0,0,0,10,4,7
7.0,25.5,0,0,0,0,0,0,0,0,2880,32,128,32,1600,32,0,0,0,0,10,4,7
51.3,90.8,0,0,0,0,0,0,0,0,2880,32,128,32,1600,32,0,0,0,0,10,4,7
64.0,57.4,0,0,0,0,0,0,0,0,2880,32,128,32,1600,32,0,0,0,0,10,4,7
34.7,60.3,0,0,0,0,0,0,0,0,2880,32,128,32,1600,32,0,0,0,0,10,4,7
74.8,51.2,0,0,0,0,0,0,0,0,2880,32,128,32,1600,32,0,0,0,0,10,4,7
38.4,73.4,0,0,0,0,0,0,0,0,2880,32,128,32,1600,32,0,0,0,0,10,4,7
57.7,31.1,0,0,0,0,0,0,0,0,2880,32,128,32,1600,32,0,0,0,0,10,4,7
19.6,46.2,0,0,0,0,0,0,0,0,2880,32,128,32,1600,32,0,0,0,0,10,4,7
11.6,60.3,0,0,0,0,0,0,0,0,2880,32,128,32,1600,32,0,0,0,0,10,4,7
81.7,41.5,0,0,0,0,0,0,0,0,2880,32,128,32,1600,32,0,0,0,0,10,4,7
47.1,54.7,0,0,0,0,0,0,0,0,2880,32,128,32,1600,32,0,0,0,0,10,4,7
27.5,41.0,0,0,0,0,0,0,0,0,2880,32,128,32,1600,32,0,0,0,0,10,4,7
45.7,42.0,0,0,0,0,0,0,0,0,2880,32,128,32,1600,32,0,0,0,0,10,4,7
60.9,94.3,0,0,0,0,0,0,0,0,2880,32,128,32,1600,32,0,0,0,0,10,4,7
16.9,28.1,0,0,0,0,0,0,0,0,2880,32,128,32,1600,32,0,0,0,0,10,4,7
68.3,41.6,0,0,0,0,0,0,0,0,2880,32,128,32,1600,32,0,0,0,0,10,4,7
56.6,29.8,0,0,0,0,0,0,0,0,2880,32,128,32,1600,32,0,0,0,0,10,4,7
13.4,3.5,0,0,0,0,0,0,0,0,2880,32,128,32,1600,32,0,0,0,0,10,4,7
24.1,65.3,0,0,0,0,0,0,0,0,2880,32,128,32,1600,32,0,0,0,0,10,4,7
12.7,69.1,0,0,0,0,0,0,0,0,2880,32,128,32,1600,32,0,0,0,0,10,4,7
51.2,70.1,0,0,0,0,0,0,0,0,2880,32,128,32,1600,32,0,0,0,0,10,4,7
41.2,19.0,0,0,0,0,0,0,0,0,2880,32,128,32,1600,32,0,0,0,0,10,4,7
11.4,71.0,0,0,0,0,0,0,0,0,2880,32,128,32,1600,32,0,0,0,0,10,4,7
30.6,87.7,0,0,0,0,0,0,0,0,2880,32,128,32,1600,32,0,0,0,0,10,4,7
75.7,69.2,0,0,0,0,0,0,0,0,2880,32,128,32,1600,32,0,0,0,0,10,4,7
71.2,62.3,0,0,0,0,0,0,0,0,2880,32,128,32,1600,32,0,0,0,0,10,4,7
30.3,45.4,0,0,0,0,0,0,0,0,2880,32,128,32,1600,32,0,0,0,0,10,4,7
99.9,49.9,0,0,0,0,0,0,0,0,2880,32,128,32,1600,32,0,0,0,0,10,4,7
60.7,17.8,0,0,0,0,0,0,0,0,2880,32,128,32,1600,32,0,0,0,0,10,4,7
10.8,95.3,0,0,0,0,0,0,0,0,2880,32,128,32,1600,32,0,0,0,0,10,4,7
9.5,58.1,0,0,0,0,0,0,0,0,2880,32,128,32,1600,32,0,0,0,0,10,4,7
12.7,70.5,0,0,0,0,0,0,0,0,2880,32,128,32,1600,32,0,0,0,0,10,4,7
14.4,64.1,0,0,0,0,0,0,0,0,2880,32,128,32,1600,32,0,0,0,0,10,4,7
33.0,82.7,0,0,0,0,0,0,0,0,2880,32,128,32,1600,32,0,0,0,0,10,4,7
98.1,99.8,0,0,0,0,0,0,0,0,2880,32,128,32,1600,32,0,0,0,0,10,4,7
47.8,90.1,0,0,0,0,0,0,0,0,2880,32,128,32,1600,32,0,0,0,0,10,4,7
94.7,27.2,0,0,0,0,0,0,0,0,2880,32,128,32,1600,32,0,0,0,0,10,4,7
95.3,60.7,0,0,0,0,0,0,0,0,2880,32,128,32,1600,32,0,0,0,0,10,4,7
54.1,55.8,0,0,0,0,0,0,0,0,2880,32,128,32,1600,32,0,0,0,0,10,4,7
49.5,14.4,0,0,0,0,0,0,0,0,2880,32,128,32,1600,32,0,0,0,0,10,4,7
100.0,75.5,0,0,0,0,0,0,0,0,2880,32,128,32,1600,32,0,0,0,0,10,4,7
48.5,66.9,0,0,0,0,0,0,0,0,2880,32,128,32,1600,32,0,0,0,0,10,4,7
63.2,23.0,0,0,0,0,0,0,0,0,2880,32,128,32,1600,32,0,0,0,0,10,4,7
85.6,24.3,0,0,0,0,0,0,0,0,2880,32,128,32,1600,32,0,0,0,0,10,4,7
12.5,16.2,0,0,0,0,0,0,0,0,2880,32,128,32,1600,32,0,0,0,0,10,4,7
10.2,76.4,0,0,0,0,0,0,0,0,2880,32,128,32,1600,32,0,0,0,0,10,4,7
41.3,35.0,0,0,0,0,0,0,0,0,2880,32,128,32,1600,32,0,0,0,0,10,4,7
99.1,51.3,0,0,0,0,0,0,0,0,2880,32,128,32,1600,32,0,0,0,0,10,4,7
12.7,86.4,0,0,0,0,0,0,0,0,2880,32,128,32,1600,32,0,0,0,0,10,4,7
13.9,43.0,0,0,0,0,0,0,0,0,2880,32,128,32,1600,32,0,0,0,0,10,4,7
60.5,35.2,0,0,0,0,0,0,0,0,2880,32,128,32,1600,32,0,0,0,0,10,4,7
5.1,13.7,0,0,0,0,0,0,0,0,2880,32,128,32,1600,32,0,0,0,0,10,4,7
49.5,21.2,0,0,0,0,0,0,0,0,2880,32,128,32,1600,32,0,0,0,0,10,4,7
48.3,56.0,0,0,0,0,0,0,0,0,2880,32,128,32,1600,32,0,0,0,0,10,4,7
56.8,48.7,0,0,0,0,0,0,0,0,2880,32,128,32,1600,32,0,0,0,0,10,4,7
2.2,85.4,0,0,0,0,0,0,0,0,2880,32,128,32,1600,32,0,0,0,0,10,4,7
96.7,39.2,0,0,0,0,0,0,0,0,2880,32,128,32,1600,32,0,0,0,0,10,4,7
7.5,20.0,0,0,0,0,0,0,0,0,2880,32,128,32,1600,32,0,0,0,0,10,4,7
70.8,14.8,0,0,0,0,0,0,0,0,2880,32,128,32,1600,32,0,0,0,0,10,4,7
58.3,48.1,0,0,0,0,0,0,0,0,2880,32,128,32,1600,32,0,0,0,0,10,4,7
41.6,86.6,0,0,0,0,0,0,0,0,2880,32,128,32,1600,32,0,0,0,0,10,4,7
63.5,57.3,0,0,0,0,0,0,0,0,2880,32,128,32,1600,32,0,0,0,0,10,4,7
37.4,42.9,0,0,0,0,0,0,0,0,2880,32,128,32,1600,32,0,0,0,0,10,4,7
65.9,15.2,0,0,0,0,0,0,0,0,2880,32,128,32,1600,32,0,0,0,0,10,4,7
12.8,84.0,0,0,0,0,0,0,0,0,2880,32,128,32,1600,32,0,0,0,0,10,4,7
81.5,93.1,0,0,0,0,0,0,0,0,2880,32,128,32,1600,32,0,0,0,0,10,4,7
77.1,85.5,0,0,0,0,0,0,0,0,2880,32,128,32,1600,32,0,0,0,0,10,4,7
63.6,56.1,0,0,0,0,0,0,0,0,2880,32,128,32,1600,32,0,0,0,0,10,4,7
57.8,76.2,0,0,0,0,0,0,0,0,2880,32,128,32,1600,32,0,0,0,0,10,4,7
13.9,11.5,0,0,0,0,0,0,0,0,2880,32,128,32,1600,32,0,0,0,0,10,4,7
47.5,48.9,0,0,0,0,0,0,0,0,2880,32,128,32,1600,32,0,0,0,0,10,4,7
92.6,94.2,0,0,0,0,0,0,0,0,2880,32,128,32,1600,32,0,0,0,0,10,4,7
62.0,13.5,0,0,0,0,0,0,0,0,2880,32,128,32,1600,32,0,0,0,0,10,4,7
17.8,31.6,0,0,0,0,0,0,0,0,2880,32,128,32,1600,32,0,0,0,0,10,4,7
17.2,7.9,0,0,0,0,0,0,0,0,2880,32,128,32,1600,32,0,0,0,0,10,4,7
14.6,23.3,0,0,0,0,0,0,0,0,2880,32,128,32,1600,32,0,0,0,0,10,4,7
15.4,65.4,0,0,0,0,0,0,0,0,2880,32,128,32,1600,32,0,0,0,0,10,4,7
25.6,82.5,0,0,0,0,0,0,0,0,2880,32,128,32,1600,32,0,0,0,0,10,4,7
33.0,13.4,0,0,0,0,0,0,0,0,2880,32,128,32,1600,32,0,0,0,0,10,4,7
89.5,18.8,0,0,0,0,0,0,0,0,2880,32,128,32,1600,32,0,0,0,0,10,4,7
26.0,24.5,0,0,0,0,0,0,0,0,2880,32,128,32,1600,32,0,0,0,0,10,4,7
71.5,91.2,0,0,0,0,0,0,0,0,2880,32,128,32,1600,32,0,0,0,0,10,4,7
74.3,31.6,0,0,0,0,0,0,0,0,2880,32,128,32,1600,32,0,0,0,0,10,4,7
2.4,43.1,0,0,0,0,0,0,0,0,2880,32,128,32,1600,32,0,0,0,0,10,4,7
70.1,74.3,0,0,0,0,0,0,0,0,2880,32,128,32,1600,32,0,0,0,0,10,4,7
84.6,70.4,0,0,0,0,0,0,0,0,2880,32,128,32,1600,32,0,0,0,0,10,4,7
3.8,64.9,0,0,0,0,0,0,0,0,2880,32,128,32,1600,32,0,0,0,0,10,4,7
55.9,94.7,0,0,0,0,0,0,0,0,2880,32,128,32,1600,32,0,0,0,0,10,4,7
74.4,10.7,0,0,0,0,0,0,0,0,2880,32,128,32,1600,32,0,0,0,0,10,4,7
12.7,44.6,0,0,0,0,0,0,0,0,2880,32,128,32,1600,32,0,0,0,0,10,4,7
21.6,72.2,0,0,0,0,0,0,0,0,2880,32,128,32,1600,32,0,0,0,0,10,4,7
63.6,74.8,0,0,0,0,0,0,0,0,2880,32,128,32,1600,32,0,0,0,0,10,4,7
82.9,95.3,0,0,0,0,0,0,0,0,2880,32,128,32,1600,32,0,0,0,0,10,4,7
26.7,78.3,0,0,0,0,0,0,0,0,2880,32,128,32,1600,32,0,0,0,0,10,4,7
78.0,99.3,0,0,0,0,0,0,0,0,2880,32,128,32,1600,32,0,0,0,0,10,4,7
45.3,85.8,0,0,0,0,0,0,0,0,2880,32,128,32,1600,32,0,0,0,0,10,4,7
= = = = = = = = = = = =
dummy_forward
79.0,43.8,0,0,0,0,0,0,0,0,2880,32,128,32,1600,32,0,0,0,0,10,4,7
49.1,25.8,0,0,0,0,0,0,0,0,2880,32,128,32,1600,32,0,0,0,0,10,4,7
82.3,37.8,0,0,0,0,0,0,0,0,2880,32,128,32,1600,32,0,0,0,0,10,4,7
24.5,11.9,0,0,0,0,0,0,0,0,2880,32,128,32,1600,32,0,0,0,0,10,4,7
32.1,75.0,0,0,0,0,0,0,0,0,2880,32,128,32,1600,32,0,0,0,0,10,4,7
31.9,43.3,0,0,0,0,0,0,0,0,2880,32,128,32,1600,32,0,0,0,0,10,4,7
78.7,50.0,0,0,0,0,0,0,0,0,2880,32,128,32,1600,32,0,0,0,0,10,4,7
98.7,54.8,0,0,0,0,0,0,0,0,2880,32,128,32,1600,32,0,0,0,0,10,4,7
92.4,98.5,0,0,0,0,0,0,0,0,2880,32,128,32,1600,32,0,0,0,0,10,4,7
20.6,77.4,0,0,0,0,0,0,0,0,2880,32,128,32,1600,32,0,0,0,0,10,4,7
48.7,4.6,0,0,0,0,0,0,0,0,2880,32,128,32,1600,32,0,0,0,0,10,4,7
1.7,63.0,0,0,0,0,0,0,0,0,2880,32,128,32,1600,32,0,0,0,0,10,4,7
28.2,82.7,0,0,0,0,0,0,0,0,2880,32,128,32,1600,32,0,0,0,0,10,4,7
74.6,14.7,0,0,0,0,0,0,0,0,2880,32,128,32,1600,32,0,0,0,0,10,4,7
26.4,76.0,0,0,0,0,0,0,0,0,2880,32,128,32,1600,32,0,0,0,0,10,4,7
67.5,30.6,0,0,0,0,0,0,0,0,2880,32,128,32,1600,32,0,0,0,0,10,4,7
79.3,63.8,0,0,0,0,0,0,0,0,2880,32,128,32,1600,32,0,0,0,0,10,4,7
13.8,93.9,0,0,0,0,0,0,0,0,2880,32,128,32,1600,32,0,0,0,0,10,4,7
43.9,37.9,0,0,0,0,0,0,0,0,2880,32,128,32,1600,32,0,0,0,0,10,4,7
91.6,70.1,0,0,0,0,0,0,0,0,2880,32,128,32,1600,32,0,0,0,0,10,4,7
1.3,75.2,0,0,0,0,0,0,0,0,2880,32,128,32,1600,32,0,0,0,0,10,4,7
79.9,41.6,0,0,0,0,0,0,0,0,2880,32,128,32,1600,32,0,0,0,0,10,4,7
80.3,18.4,0,0,0,0,0,0,0,0,2880,32,128,32,1600,32,0,0,0,0,10,4,7
59.4,45.6,0,0,0,0,0,0,0,0,2880,32,128,32,1600,32,0,0,0,0,10,4,7
99.8,20.2,0,0,0,0,0,0,0,0,2880,32,128,32,1600,32,0,0,0,0,10,4,7
76.2,25.1,0,0,0,0,0,0,0,0,2880,32,128,32,1600,32,0,0,0,0,10,4,7
61.1,64.2,0,0,0,0,0,0,0,0,2880,32,128,32,1600,32,0,0,0,0,10,4,7
28.8,90.1,0,0,0,0,0,0,0,0,2880,32,128,32,1600,32,0,0,0,0,10,4,7
24.8,73.0,0,0,0,0,0,0,0,0,2880,32,128,32,1600,32,0,0,0,0,10,4,7
8.5,13.5,0,0,0,0,0,0,0,0,2880,32,128,32,1600,32,0,0,0,0,10,4,7
81.6,36.1,0,0,0,0,0,0,0,0,2880,32,128,32,1600,32,0,0,0,0,10,4,7
81.9,65.4,0,0,0,0,0,0,0,0,2880,32,128,32,1600,32,0,0,0,0,10,4,7
40.0,25.7,0,0,0,0,0,0,0,0,2880,32,128,32,1600,32,0,0,0,0,10,4,7
45.6,77.8,0,0,0,0,0,0,0,0,2880,32,128,32,1600,32,0,0,0,0,10,4,7
27.8,47.6,0,0,0,0,0,0,0,0,2880,32,128,32,1600,32,0,0,0,0,10,4,7
84.6,86.3,0,0,0,0,0,0,0,0,2880,32,128,32,1600,32,0,0,0,0,10,4,7
20.4,27.3,0,0,0,0,0,0,0,0,2880,32,128,32,1600,32,0,0,0,0,10,4,7
78.7,87.9,0,0,0,0,0,0,0,0,2880,32,128,32,1600,32,0,0,0,0,10,4,7
42.7,24.9,0,0,0,0,0,0,0,0,2880,32,128,32,1600,32,0,0,0,0,10,4,7
60.5,47.9,0,0,0,0,0,0,0,0,2880,32,128,32,1600,32,0,0,0,0,10,4,7
27.3,41.2,0,0,0,0,0,0,0,0,2880,32,128,32,1600,32,0,0,0,0,10,4,7
27.0,88.8,0,0,0,0,0,0,0,0,2880,32,128,32,1600,32,0,0,0,0,10,4,7
4.2,4.8,0,0,0,0,0,0,0,0,2880,32,128,32,1600,32,0,0,0,0,10,4,7
23.6,72.4,0,0,0,0,0,0,0,0,2880,32,128,32,1600,32,0,0,0,0,10,4,7
7.2,28.2,0,0,0,0,0,0,0,0,2880,32,128,32,1600,32,0,0,0,0,10,4,7
79.7,50.8,0,0,0,0,0,0,0,0,2880,32,128,32,1600,32,0,0,0,0,10,4,7
4.2,51.0,0,0,0,0,0,0,0,0,2880,32,128,32,1600,32,0,0,0,0,10,4,7
39.9,64.2,0,0,0,0,0,0,0,0,2880,32,128,32,1600,32,0,0,0,0,10,4,7
60.4,88.9,0,0,0,0,0,0,0,0,2880,32,128,32,1600,32,0,0,0,0,10,4,7
18.6,72.3,0,0,0,0,0,0,0,0,2880,32,128,32,1600,32,0,0,0,0,10,4,7
90.7,3.6,0,0,0,0,0,0,0,0,2880,32,128,32,1600,32,0,0,0,0,10,4,7
76.4,9.7,0,0,0,0,0,0,0,0,2880,32,128,32,1600,32,0,0,0,0,10,4,7
28.1,7.9,0,0,0,0,0,0,0,0,2880,32,128,32,1600,32,0,0,0,0,10,4,7
65.9,91.1,0,0,0,0,0,0,0,0,2880,32,128,32,1600,32,0,0,0,0,10,4,7
89.5,61.1,0,0,0,0,0,0,0,0,2880,32,128,32,1600,32,0,0,0,0,10,4,7
37.0,23.2,0,0,0,0,0,0,0,0,2880,32,128,32,1600,32,0,0,0,0,10,4,7
57.5,97.5,0,0,0,0,0,0,0,0,2880,32,128,32,1600,32,0,0,0,0,10,4,7
30.2,23.1,0,0,0,0,0,0,0,0,2880,32,128,32,1600,32,0,0,0,0,10,4,7
59.7,96.6,0,0,0,0,0,0,0,0,2880,32,128,32,1600,32,0,0,0,0,10,4,7
62.5,63.3,0,0,0,0,0,0,0,0,2880,32,128,32,1600,32,0,0,0,0,10,4,7
31.2,64.0,0,0,0,0,0,0,0,0,2880,32,128,32,1600,32,0,0,0,0,10,4,7
58.6,4.0,0,0,0,0,0,0,0,0,2880,32,128,32,1600,32,0,0,0,0,10,4,7
12.6,43.9,0,0,0,0,0,0,0,0,2880,32,128,32,1600,32,0,0,0,0,10,4,7
46.0,35.2,0,0,0,0,0,0,0,0,2880,32,128,32,1600,32,0,0,0,0,10,4,7
41.4,37.8,0,0,0,0,0,0,0,0,2880,32,128,32,1600,32,0,0,0,0,10,4,7
7.9,92.6,0,0,0,0,0,0,0,0,2880,32,128,32,1600,32,0,0,0,0,10,4,7
30.6,99.0,0,0,0,0,0,0,0,0,2880,32,128,32,1600,32,0,0,0,0,10,4,7
46.2,35.5,0,0,0,0,0,0,0,0,2880,32,128,32,1600,32,0,0,0,0,10,4,7
90.3,43.4,0,0,0,0,0,0,0,0,2880,32,128,32,1600,32,0,0,0,0,10,4,7
96.3,26.6,0,0,0,0,0,0,0,0,2880,32,128,32,1600,32,0,0,0,0,10,4,7
7.7,73.0,0,0,0,0,0,0,0,0,2880,32,128,32,1600,32,0,0,0,0,10,4,7
80.1,29.4,0,0,0,0,0,0,0,0,2880,32,128,32,1600,32,0,0,0,0,10,4,7
80.7,80.8,0,0,0,0,0,0,0,0,2880,32,128,32,1600,32,0,0,0,0,10,4,7
98.4,19.2,0,0,0,0,0,0,0,0,2880,32,128,32,1600,32,0,0,0,0,10,4,7
37.6,46.1,0,0,0,0,0,0,0,0,2880,32,128,32,1600,32,0,0,0,0,10,4,7
97.9,23.5,0,0,0,0,0,0,0,0,2880,32,128,32,1600,32,0,0,0,0,10,4,7
42.2,37.2,0,0,0,0,0,0,0,0,2880,32,128,32,1600,32,0,0,0,0,10,4,7
10.1,35.4,0,0,0,0,0,0,0,0,2880,32,128,32,1600,32,0,0,0,0,10,4,7
53.0,29.1,0,0,0,0,0,0,0,0,2880,32,128,32,1600,32,0,0,0,0,10,4,7
62.3,56.6,0,0,0,0,0,0,0,0,2880,32,128,32,1600,32,0,0,0,0,10,4,7
74.7,46.1,0,0,0,0,0,0,0,0,2880,32,128,32,1600,32,0,0,0,0,10,4,7
2.1,9.8,0,0,0,0,0,0,0,0,2880,32,128,32,1600,32,0,0,0,0,10,4,7
76.2,54.6,0,0,0,0,0,0,0,0,2880,32,128,32,1600,32,0,0,0,0,10,4,7
89.0,33.2,0,0,0,0,0,0,0,0,2880,32,128,32,1600,32,0,0,0,0,10,4,7
41.4,61.8,0,0,0,0,0,0,0,0,2880,32,128,32,1600,32,0,0,0,0,10,4,7
75.2,41.8,0,0,0,0,0,0,0,0,2880,32,128,32,1600,32,0,0,0,0,10,4,7
35.2,43.7,0,0,0,0,0,0,0,0,2880,32,128,32,1600,32,0,0,0,0,10,4,7
38.6,99.6,0,0,0,0,0,0,0,0,2880,32,128,32,1600,32,0,0,0,0,10,4,7
34.3,17.3,0,0,0,0,0,0,0,0,2880,32,128,32,1600,32,0,0,0,0,10,4,7
24.5,83.3,0,0,0,0,0,0,0,0,2880,32,128,32,1600,32,0,0,0,0,10,4,7
89.8,92.9,0,0,0,0,0,0,0,0,2880,32,128,32,1600,32,0,0,0,0,10,4,7
8.1,21.3,0,0,0,0,0,0,0,0,2880,32,128,32,1600,32,0,0,0,0,10,4,7
16.4,50.0,0,0,0,0,0,0,0,0,2880,32,128,32,1600,32,0,0,0,0,10,4,7
56.0,44.9,0,0,0,0,0,0,0,0,2880,32,128,32,1600,32,0,0,0,0,10,4,7
92.3,78.1,0,0,0,0,0,0,0,0,2880,32,128,32,1600,32,0,0,0,0,10,4,7
60.6,28.5,0,0,0,0,0,0,0,0,2880,32,128,32,1600,32,0,0,0,0,10,4,7
72.1,47.1,0,0,0,0,0,0,0,0,2880,32,128,32,1600,32,0,0,0,0,10,4,7
19.1,94.0,0,0,0,0,0,0,0,0,2880,32,128,32,1600,32,0,0,0,0,10,4,7
84.2,39.6,0,0,0,0,0,0,0,0,2880,32,128,32,1600,32,0,0,0,0,10,4,7
4.6,62.0,0,0,0,0,0,0,0,0,2880,32,128,32,1600,32,0,0,0,0,10,4,7
= = = = = = = = = = = =
dummy_forward
41.6,2.2,0,0,0,0,0,0,0,0,2880,32,128,32,1600,32,0,0,0,0,10,4,7
16.0,28.4,0,0,0,0,0,0,0,0,2880,32,128,32,1600,32,0,0,0,0,10,4,7
21.8,32.8,0,0,0,0,0,0,0,0,2880,32,128,32,1600,32,0,0,0,0,10,4,7
21.9,11.8,0,0,0,0,0,0,0,0,2880,32,128,32,1600,32,0,0,0,0,10,4,7
47.5,42.0,0,0,0,0,0,0,0,0,2880,32,128,32,1600,32,0,0,0,0,10,4,7
21.7,19.8,0,0,0,0,0,0,0,0,2880,32,128,32,1600,32,0,0,0,0,10,4,7
45.8,6.9,0,0,0,0,0,0,0,0,2880,32,128,32,1600,32,0,0,0,0,10,4,7
11.4,35.4,0,0,0,0,0,0,0,0,2880,32,128,32,1600,32,0,0,0,0,10,4,7
39.4,40.5,0,0,0,0,0,0,0,0,2880,32,128,32,1600,32,0,0,0,0,10,4,7
32.7,31.5,0,0,0,0,0,0,0,0,2880,32,128,32,1600,32,0,0,0,0,10,4,7
3.4,14.4,0,0,0,0,0,0,0,0,2880,32,128,32,1600,32,0,0,0,0,10,4,7
8.6,18.6,0,0,0,0,0,0,0,0,2880,32,128,32,1600,32,0,0,0,0,10,4,7
18.5,15.8,0,0,0,0,0,0,0,0,2880,32,128,32,1600,32,0,0,0,0,10,4,7
32.7,41.1,0,0,0,0,0,0,0,0,2880,32,128,32,1600,32,0,0,0,0,10,4,7
18.5,25.7,0,0,0,0,0,0,0,0,2880,32,128,32,1600,32,0,0,0,0,10,4,7
44.2,19.3,0,0,0,0,0,0,0,0,2880,32,128,32,1600,32,0,0,0,0,10,4,7
34.4,7.0,0,0,0,0,0,0,0,0,2880,32,128,32,1600,32,0,0,0,0,10,4,7
25.3,41.5,0,0,0,0,0,0,0,0,2880,32,128,32,1600,32,0,0,0,0,10,4,7
9.4,2.0,0,0,0,0,0,0,0,0,2880,32,128,32,1600,32,0,0,0,0,10,4,7
10.2,16.0,0,0,0,0,0,0,0,0,2880,32,128,32,1600,32,0,0,0,0,10,4,7
45.7,22.1,0,0,0,0,0,0,0,0,2880,32,128,32,1600,32,0,0,0,0,10,4,7
15.5,21.7,0,0,0,0,0,0,0,0,2880,32,128,32,1600,32,0,0,0,0,10,4,7
45.6,30.6,0,0,0,0,0,0,0,0,2880,32,128,32,1600,32,0,0,0,0,10,4,7
42.7,11.4,0,0,0,0,0,0,0,0,2880,32,128,32,1600,32,0,0,0,0,10,4,7
16.0,49.0,0,0,0,0,0,0,0,0,2880,32,128,32,1600,32,0,0,0,0,10,4,7
3.9,23.3,0,0,0,0,0,0,0,0,2880,32,128,32,1600,32,0,0,0,0,10,4,7
14.8,45.5,0,0,0,0,0,0,0,0,2880,32,128,32,1600,32,0,0,0,0,10,4,7
15.3,8.8,0,0,0,0,0,0,0,0,2880,32,128,32,1600,32,0,0,0,0,10,4,7
36.4,32.0,0,0,0,0,0,0,0,0,2880,32,128,32,1600,32,0,0,0,0,10,4,7
36.1,21.0,0,0,0,0,0,0,0,0,2880,32,128,32,1600,32,0,0,0,0,10,4,7
24.4,45.0,0,0,0,0,0,0,0,0,2880,32,128,32,1600,32,0,0,0,0,10,4,7
40.2,40.1,0,0,0,0,0,0,0,0,2880,32,128,32,1600,32,0,0,0,0,10,4,7
29.0,8.3,0,0,0,0,0,0,0,0,2880,32,128,32,1600,32,0,0,0,0,10,4,7
1.4,25.9,0,0,0,0,0,0,0,0,2880,32,128,32,1600,32,0,0,0,0,10,4,7
9.6,26.2,0,0,0,0,0,0,0,0,2880,32,128,32,1600,32,0,0,0,0,10,4,7
35.7,12.8,0,0,0,0,0,0,0,0,2880,32,128,32,1600,32,0,0,0,0,10,4,7
42.9,40.4,0,0,0,0,0,0,0,0,2880,32,128,32,1600,32,0,0,0,0,10,4,7
30.0,16.1,0,0,0,0,0,0,0,0,2880,32,128,32,1600,32,0,0,0,0,10,4,7
25.1,17.6,0,0,0,0,0,0,0,0,2880,32,128,32,1600,32,0,0,0,0,10,4,7
44.1,2.8,0,0,0,0,0,0,0,0,2880,32,128,32,1600,32,0,0,0,0,10,4,7
36.9,34.8,0,0,0,0,0,0,0,0,2880,32,128,32,1600,32,0,0,0,0,10,4,7
46.0,18.8,0,0,0,0,0,0,0,0,2880,32,128,32,1600,32,0,0,0,0,10,4,7
49.4,38.8,0,0,0,0,0,0,0,0,2880,32,128,32,1600,32,0,0,0,0,10,4,7
30.2,48.1,0,0,0,0,0,0,0,0,2880,32,128,32,1600,32,0,0,0,0,10,4,7
12.1,4.4,0,0,0,0,0,0,0,0,2880,32,128,32,1600,32,0,0,0,0,10,4,7
24.8,2.2,0,0,0,0,0,0,0,0,2880,32,128,32,1600,32,0,0,0,0,10,4,7
34.5,37.5,0,0,0,0,0,0,0,0,2880,32,128,32,1600,32,0,0,0,0,10,4,7
48.6,22.7,0,0,0,0,0,0,0,0,2880,32,128,32,1600,32,0,0,0,0,10,4,7
34.1,17.4,0,0,0,0,0,0,0,0,2880,32,128,32,1600,32,0,0,0,0,10,4,7
48.0,14.7,0,0,0,0,0,0,0,0,2880,32,128,32,1600,32,0,0,0,0,10,4,7
43.0,45.2,0,0,0,0,0,0,0,0,2880,32,128,32,1600,32,0,0,0,0,10,4,7
32.1,22.3,0,0,0,0,0,0,0,0,2880,32,128,32,1600,32,0,0,0,0,10,4,7
43.1,26.0,0,0,0,0,0,0,0,0,2880,32,128,32,1600,32,0,0,0,0,10,4,7
19.8,1.4,0,0,0,0,0,0,0,0,2880,32,128,32,1600,32,0,0,0,0,10,4,7
27.4,9.2,0,0,0,0,0,0,0,0,2880,32,128,32,1600,32,0,0,0,0,10,4,7
20.0,12.6,0,0,0,0,0,0,0,0,2880,32,128,32,1600,32,0,0,0,0,10,4,7
37.6,33.1,0,0,0,0,0,0,0,0,2880,32,128,32,1600,32,0,0,0,0,10,4,7
9.2,8.3,0,0,0,0,0,0,0,0,2880,32,128,32,1600,32,0,0,0,0,10,4,7
31.2,39.1,0,0,0,0,0,0,0,0,2880,32,128,32,1600,32,0,0,0,0,10,4,7
2.1,13.7,0,0,0,0,0,0,0,0,2880,32,128,32,1600,32,0,0,0,0,10,4,7
46.2,19.0,0,0,0,0,0,0,0,0,2880,32,128,32,1600,32,0,0,0,0,10,4,7
23.3,14.1,0,0,0,0,0,0,0,0,2880,32,128,32,1600,32,0,0,0,0,10,4,7
47.2,1.8,0,0,0,0,0,0,0,0,2880,32,128,32,1600,32,0,0,0,0,10,4,7
23.6,28.6,0,0,0,0,0,0,0,0,2880,32,128,32,1600,32,0,0,0,0,10,4,7
37.6,23.6,0,0,0,0,0,0,0,0,2880,32,128,32,1600,32,0,0,0,0,10,4,7
23.5,37.1,0,0,0,0,0,0,0,0,2880,32,128,32,1600,32,0,0,0,0,10,4,7
49.7,22.6,0,0,0,0,0,0,0,0,2880,32,128,32,1600,32,0,0,0,0,10,4,7
21.2,27.8,0,0,0,0,0,0,0,0,2880,32,128,32,1600,32,0,0,0,0,10,4,7
2.5,42.5,0,0,0,0,0,0,0,0,2880,32,128,32,1600,32,0,0,0,0,10,4,7
13.2,16.9,0,0,0,0,0,0,0,0,2880,32,128,32,1600,32,0,0,0,0,10,4,7
8.2,23.6,0,0,0,0,0,0,0,0,2880,32,128,32,1600,32,0,0,0,0,10,4,7
42.7,18.4,0,0,0,0,0,0,0,0,2880,32,128,32,1600,32,0,0,0,0,10,4,7
35.5,8.7,0,0,0,0,0,0,0,0,2880,32,128,32,1600,32,0,0,0,0,10,4,7
35.7,45.1,0,0,0,0,0,0,0,0,2880,32,128,32,1600,32,0,0,0,0,10,4,7
26.9,36.9,0,0,0,0,0,0,0,0,2880,32,128,32,1600,32,0,0,0,0,10,4,7
24.6,5.4,0,0,0,0,0,0,0,0,2880,32,128,32,1600,32,0,0,0,0,10,4,7
31.9,11.7,0,0,0,0,0,0,0,0,2880,32,128,32,1600,32,0,0,0,0,10,4,7
30.7,37.5,0,0,0,0,0,0,0,0,2880,32,128,32,1600,32,0,0,0,0,10,4,7
9.0,25.3,0,0,0,0,0,0,0,0,2880,32,128,32,1600,32,0,0,0,0,10,4,7
16.3,49.3,0,0,0,0,0,0,0,0,2880,32,128,32,1600,32,0,0,0,0,10,4,7
48.3,15.4,0,0,0,0,0,0,0,0,2880,32,128,32,1600,32,0,0,0,0,10,4,7
16.0,16.3,0,0,0,0,0,0,0,0,2880,32,128,32,1600,32,0,0,0,0,10,4,7
17.1,40.2,0,0,0,0,0,0,0,0,2880,32,128,32,1600,32,0,0,0,0,10,4,7
47.8,7.8,0,0,0,0,0,0,0,0,2880,32,128,32,1600,32,0,0,0,0,10,4,7
26.2,3.7,0,0,0,0,0,0,0,0,2880,32,128,32,1600,32,0,0,0,0,10,4,7
9.0,25.9,0,0,0,0,0,0,0,0,2880,32,128,32,1600,32,0,0,0,0,10,4,7
30.9,11.3,0,0,0,0,0,0,0,0,2880,32,128,32,1600,32,0,0,0,0,10,4,7
7.9,28.6,0,0,0,0,0,0,0,0,2880,32,128,32,1600,32,0,0,0,0,10,4,7
27.8,42.4,0,0,0,0,0,0,0,0,2880,32,128,32,1600,32,0,0,0,0,10,4,7
5.7,20.0,0,0,0,0,0,0,0,0,2880,32,128,32,1600,32,0,0,0,0,10,4,7
47.5,37.1,0,0,0,0,0,0,0,0,2880,32,128,32,1600,32,0,0,0,0,10,4,7
13.8,29.6,0,0,0,0,0,0,0,0,2880,32,128,32,1600,32,0,0,0,0,10,4,7
5.3,33.6,0,0,0,0,0,0,0,0,2880,32,128,32,1600,32,0,0,0,0,10,4,7
13.5,7.8,0,0,0,0,0,0,0,0,2880,32,128,32,1600,32,0,0,0,0,10,4,7
16.7,7.3,0,0,0,0,0,0,0,0,2880,32,128,32,1600,32,0,0,0,0,10,4,7
28.7,18.6,0,0,0,0,0,0,0,0,2880,32,128,32,1600,32,0,0,0,0,10,4,7
20.0,21.2,0,0,0,0,0,0,0,0,2880,32,128,32,1600,32,0,0,0,0,10,4,7
39.1,29.2,0,0,0,0,0,0,0,0,2880,32,128,32,1600,32,0,0,0,0,10,4,7
8.1,36.9,0,0,0,0,0,0,0,0,2880,32,128,32,1600,32,0,0,0,0,10,4,7
20.0,40.3,0,0,0,0,0,0,0,0,2880,32,128,32,1600,32,0,0,0,0,10,4,7
36.8,6.9,0,0,0,0,0,0,0,0,2880,32,128,32,1600,32,0,0,0,0,10,4,7
3.8,33.9,0,0,0,0,0,0,0,0,2880,32,128,32,1600,32,0,0,0,0,10,4,7
22.1,37.2,0,0,0,0,0,0,0,0,2880,32,128,32,1600,32,0,0,0,0,10,4,7
29.4,37.2,0,0,0,0,0,0,0,0,2880,32,128,32,1600,32,0,0,0,0,10,4,7
25.2,40.8,0,0,0,0,0,0,0,0,2880,32,128,32,1600,32,0,0,0,0,10,4,7
20.7,38.0,0,0,0,0,0,0,0,0,2880,32,128,32,1600,32,0,0,0,0,10,4,7
6.0,22.8,0,0,0,0,0,0,0,0,2880,32,128,32,1600,32,0,0,0,0,10,4,7
37.9,29.1,0,0,0,0,0,0,0,0,2880,32,128,32,1600,32,0,0,0,0,10,4,7
27.8,33.9,0,0,0,0,0,0,0,0,2880,32,128,32,1600,32,0,0,0,0,10,4,7
37.0,4.9,0,0,0,0,0,0,0,0,2880,32,128,32,1600,32,0,0,0,0,10,4,7
8.2,23.8,0,0,0,0,0,0,0,0,2880,32,128,32,1600,32,0,0,0,0,10,4,7
38.4,49.2,0,0,0,0,0,0,0,0,2880,32,128,32,1600,32,0,0,0,0,10,4,7
42.2,14.3,0,0,0,0,0,0,0,0,2880,32,128,32,1600,32,0,0,0,0,10,4,7
31.9,31.1,0,0,0,0,0,0,0,0,2880,32,128,32,1600,32,0,0,0,0,10,4,7
27.0,7.2,0,0,0,0,0,0,0,0,2880,32,128,32,1600,32,0,0,0,0,10,4,7
17.2,49.9,0,0,0,0,0,0,0,0,2880,32,128,32,1600,32,0,0,0,0,10,4,7
31.3,15.4,0,0,0,0,0,0,0,0,2880,32,128,32,1600,32,0,0,0,0,10,4,7
28.3,39.5,0,0,0,0,0,0,0,0,2880,32,128,32,1600,32,0,0,0,0,10,4,7
24.4,42.3,0,0,0,0,0,0,0,0,2880,32,128,32,1600,32,0,0,0,0,10,4,7
29.4,17.1,0,0,0,0,0,0,0,0,2880,32,128,32,1600,32,0,0,0,0,10,4,7
6.4,27.1,0,0,0,0,0,0,0,0,2880,32,128,32,1600,32,0,0,0,0,10,4,7
20.7,7.2,0,0,0,0,0,0,0,0,2880,32,128,32,1600,32,0,0,0,0,10,4,7
19.3,20.2,0,0,0,0,0,0,0,0,2880,32,128,32,1600,32,0,0,0,0,10,4,7
43.0,24.5,0,0,0,0,0,0,0,0,2880,32,128,32,1600,32,0,0,0,0,10,4,7
4.8,4.4,0,0,0,0,0,0,0,0,2880,32,128,32,1600,32,0,0,0,0,10,4,7
11.5,17.4,0,0,0,0,0,0,0,0,2880,32,128,32,1600,32,0,0,0,0,10,4,7
21.4,8.8,0,0,0,0,0,0,0,0,2880,32,128,32,1600,32,0,0,0,0,10,4,7
47.6,15.3,0,0,0,0,0,0,0,0,2880,32,128,32,1600,32,0,0,0,0,10,4,7
12.2,17.3,0,0,0,0,0,0,0,0,2880,32,128,32,1600,32,0,0,0,0,10,4,7
33.4,10.2,0,0,0,0,0,0,0,0,2880,32,128,32,1600,32,0,0,0,0,10,4,7
35.9,13.5,0,0,0,0,0,0,0,0,2880,32,128,32,1600,32,0,0,0,0,10,4,7
1.8,36.7,0,0,0,0,0,0,0,0,2880,32,128,32,1600,32,0,0,0,0,10,4,7
27.6,42.0,0,0,0,0,0,0,0,0,2880,32,128,32,1600,32,0,0,0,0,10,4,7
25.8,26.1,0,0,0,0,0,0,0,0,2880,32,128,32,1600,32,0,0,0,0,10,4,7
24.1,6.2,0,0,0,0,0,0,0,0,2880,32,128,32,1600,32,0,0,0,0,10,4,7
38.8,29.6,0,0,0,0,0,0,0,0,2880,32,128,32,1600,32,0,0,0,0,10,4,7
15.8,3.5,0,0,0,0,0,0,0,0,2880,32,128,32,1600,32,0,0,0,0,10,4,7
22.4,41.8,0,0,0,0,0,0,0,0,2880,32,128,32,1600,32,0,0,0,0,10,4,7
36.2,37.2,0,0,0,0,0,0,0,0,2880,32,128,32,1600,32,0,0,0,0,10,4,7
40.3,11.2,0,0,0,0,0,0,0,0,2880,32,128,32,1600,32,0,0,0,0,10,4,7
29.0,26.9,0,0,0,0,0,0,0,0,2880,32,128,32,1600,32,0,0,0,0,10,4,7
12.2,4.7,0,0,0,0,0,0,0,0,2880,32,128,32,1600,32,0,0,0,0,10,4,7
29.0,22.0,0,0,0,0,0,0,0,0,2880,32,128,32,1600,32,0,0,0,0,10,4,7
8.8,31.8,0,0,0,0,0,0,0,0,2880,32,128,32,1600,32,0,0,0,0,10,4,7
30.3,45.0,0,0,0,0,0,0,0,0,2880,32,128,32,1600,32,0,0,0,0,10,4,7
30.1,48.8,0,0,0,0,0,0,0,0,2880,32,128,32,1600,32,0,0,0,0,10,4,7
20.1,42.8,0,0,0,0,0,0,0,0,2880,32,128,32,1600,32,0,0,0,0,10,4,7
22.4,25.0,0,0,0,0,0,0,0,0,2880,32,128,32,1600,32,0,0,0,0,10,4,7
23.3,34.7,0,0,0,0,0,0,0,0,2880,32,128,32,1600,32,0,0,0,0,10,4,7
41.1,25.8,0,0,0,0,0,0,0,0,2880,32,128,32,1600,32,0,0,0,0,10,4,7
5.6,38.3,0,0,0,0,0,0,0,0,2880,32,128,32,1600,32,0,0,0,0,10,4,7
39.4,49.2,0,0,0,0,0,0,0,0,2880,32,128,32,1600,32,0,0,0,0,10,4,7
26.8,6.3,0,0,0,0,0,0,0,0,2880,32,128,32,1600,32,0,0,0,0,10,4,7
32.6,31.0,0,0,0,0,0,0,0,0,2880,32,128,32,1600,32,0,0,0,0,10,4,7
35.2,9.8,0,0,0,0,0,0,0,0,2880,32,128,32,1600,32,0,0,0,0,10,4,7
46.5,30.3,0,0,0,0,0,0,0,0,2880,32,128,32,1600,32,0,0,0,0,10,4,7
43.8,11.6,0,0,0,0,0,0,0,0,2880,32,128,32,1600,32,0,0,0,0,10,4,7
25.2,42.8,0,0,0,0,0,0,0,0,2880,32,128,32,1600,32,0,0,0,0,10,4,7
23.1,29.8,0,0,0,0,0,0,0,0,2880,32,128,32,1600,32,0,0,0,0,10,4,7
4.4,46.8,0,0,0,0,0,0,0,0,2880,32,128,32,1600,32,0,0,0,0,10,4,7
43.7,32.3,0,0,0,0,0,0,0,0,2880,32,128,32,1600,32,0,0,0,0,10,4,7
43.0,18.4,0,0,0,0,0,0,0,0,2880,32,128,32,1600,32,0,0,0,0,10,4,7
41.2,7.7,0,0,0,0,0,0,0,0,2880,32,128,32,1600,32,0,0,0,0,10,4,7
46.7,34.1,0,0,0,0,0,0,0,0,2880,32,128,32,1600,32,0,0,0,0,10,4,7
31.8,18.7,0,0,0,0,0,0,0,0,2880,32,128,32,1600,32,0,0,0,0,10,4,7
24.0,25.2,0,0,0,0,0,0,0,0,2880,32,128,32,1600,32,0,0,0,0,10,4,7
39.3,2.4,0,0,0,0,0,0,0,0,2880,32,128,32,1600,32,0,0,0,0,10,4,7
30.6,14.0,0,0,0,0,0,0,0,0,2880,32,128,32,1600,32,0,0,0,0,10,4,7
12.8,38.4,0,0,0,0,0,0,0,0,2880,32,128,32,1600,32,0,0,0,0,10,4,7
47.1,27.2,0,0,0,0,0,0,0,0,2880,32,128,32,1600,32,0,0,0,0,10,4,7
28.3,7.3,0,0,0,0,0,0,0,0,2880,32,128,32,1600,32,0,0,0,0,10,4,7
49.6,10.8,0,0,0,0,0,0,0,0,2880,32,128,32,1600,32,0,0,0,0,10,4,7
29.2,26.9,0,0,0,0,0,0,0,0,2880,32,128,32,1600,32,0,0,0,0,10,4,7
17.0,14.6,0,0,0,0,0,0,0,0,2880,32,128,32,1600,32,0,0,0,0,10,4,7
1.3,26.4,0,0,0,0,0,0,0,0,2880,32,128,32,1600,32,0,0,0,0,10,4,7
5.4,19.8,0,0,0,0,0,0,0,0,2880,32,128,32,1600,32,0,0,0,0,10,4,7
36.6,3.6,0,0,0,0,0,0,0,0,2880,32,128,32,1600,32,0,0,0,0,10,4,7
1.8,32.8,0,0,0,0,0,0,0,0,2880,32,128,32,1600,32,0,0,0,0,10,4,7
33.3,47.6,0,0,0,0,0,0,0,0,2880,32,128,32,1600,32,0,0,0,0,10,4,7
47.2,16.4,0,0,0,0,0,0,0,0,2880,32,128,32,1600,32,0,0,0,0,10,4,7
16.2,45.3,0,0,0,0,0,0,0,0,2880,32,128,32,1600,32,0,0,0,0,10,4,7
39.7,5.8,0,0,0,0,0,0,0,0,2880,32,128,32,1600,32,0,0,0,0,10,4,7
5.2,40.0,0,0,0,0,0,0,0,0,2880,32,128,32,1600,32,0,0,0,0,10,4,7
39.2,23.1,0,0,0,0,0,0,0,0,2880,32,128,32,1600,32,0,0,0,0,10,4,7
7.0,7.7,0,0,0,0,0,0,0,0,2880,32,128,32,1600,32,0,0,0,0,10,4,7
32.9,32.2,0,0,0,0,0,0,0,0,2880,32,128,32,1600,32,0,0,0,0,10,4,7
15.9,27.3,0,0,0,0,0,0,0,0,2880,32,128,32,1600,32,0,0,0,0,10,4,7
5.8,24.4,0,0,0,0,0,0,0,0,2880,32,128,32,1600,32,0,0,0,0,10,4,7
15.3,40.2,0,0,0,0,0,0,0,0,2880,32,128,32,1600,32,0,0,0,0,10,4,7
14.9,10.5,0,0,0,0,0,0,0,0,2880,32,128,32,1600,32,0,0,0,0,10,4,7
49.9,19.3,0,0,0,0,0,0,0,0,2880,32,128,32,1600,32,0,0,0,0,10,4,7
12.9,33.8,0,0,0,0,0,0,0,0,2880,32,128,32,1600,32,0,0,0,0,10,4,7
12.4,14.4,0,0,0,0,0,0,0,0,2880,32,128,32,1600,32,0,0,0,0,10,4,7
40.5,38.2,0,0,0,0,0,0,0,0,2880,32,128,32,1600,32,0,0,0,0,10,4,7
20.4,14.6,0,0,0,0,0,0,0,0,2880,32,128,32,1600,32,0,0,0,0,10,4,7
44.5,27.1,0,0,0,0,0,0,0,0,2880,32,128,32,1600,32,0,0,0,0,10,4,7
22.9,42.0,0,0,0,0,0,0,0,0,2880,32,128,32,1600,32,0,0,0,0,10,4,7
12.8,6.5,0,0,0,0,0,0,0,0,2880,32,128,32,1600,32,0,0,0,0,10,4,7
47.0,34.4,0,0,0,0,0,0,0,0,2880,32,128,32,1600,32,0,0,0,0,10,4,7
10.7,22.8,0,0,0,0,0,0,0,0,2880,32,128,32,1600,32,0,0,0,0,10,4,7
15.5,5.1,0,0,0,0,0,0,0,0,2880,32,128,32,1600,32,0,0,0,0,10,4,7
4.7,44.8,0,0,0,0,0,0,0,0,2880,32,128,32,1600,32,0,0,0,0,10,4,7
18.8,48.9,0,0,0,0,0,0,0,0,2880,32,128,32,1600,32,0,0,0,0,10,4,7
19.4,38.1,0,0,0,0,0,0,0,0,2880,32,128,32,1600,32,0,0,0,0,10,4,7
33.3,2.6,0,0,0,0,0,0,0,0,2880,32,128,32,1600,32,0,0,0,0,10,4,7
27.4,22.5,0,0,0,0,0,0,0,0,2880,32,128,32,1600,32,0,0,0,0,10,4,7
48.5,6.1,0,0,0,0,0,0,0,0,2880,32,128,32,1600,32,0,0,0,0,10,4,7
34.5,38.7,0,0,0,0,0,0,0,0,2880,32,128,32,1600,32,0,0,0,0,10,4,7
40.2,48.9,0,0,0,0,0,0,0,0,2880,32,128,32,1600,32,0,0,0,0,10,4,7
28.0,38.9,0,0,0,0,0,0,0,0,2880,32,128,32,1600,32,0,0,0,0,10,4,7
10.3,40.8,0,0,0,0,0,0,0,0,2880,32,128,32,1600,32,0,0,0,0,10,4,7
10.6,20.0,0,0,0,0,0,0,0,0,2880,32,128,32,1600,32,0,0,0,0,10,4,7
29.6,18.8,0,0,0,0,0,0,0,0,2880,32,128,32,1600,32,0,0,0,0,10,4,7
3.0,12.2,0,0,0,0,0,0,0,0,2880,32,128,32,1600,32,0,0,0,0,10,4,7
34.0,42.8,0,0,0,0,0,0,0,0,2880,32,128,32,1600,32,0,0,0,0,10,4,7
4.7,34.6,0,0,0,0,0,0,0,0,2880,32,128,32,1600,32,0,0,0,0,10,4,7
5.6,10.3,0,0,0,0,0,0,0,0,2880,32,128,32,1600,32,0,0,0,0,10,4,7
11.8,31.2,0,0,0,0,0,0,0,0,2880,32,128,32,1600,32,0,0,0,0,10,4,7
8.6,41.1,0,0,0,0,0,0,0,0,2880,32,128,32,1600,32,0,0,0,0,10,4,7
11.1,39.2,0,0,0,0,0,0,0,0,2880,32,128,32,1600,32,0,0,0,0,10,4,7
24.3,21.0,0,0,0,0,0,0,0,0,2880,32,128,32,1600,32,0,0,0,0,10,4,7
7.0,9.1,0,0,0,0,0,0,0,0,2880,32,128,32,1600,32,0,0,0,0,10,4,7
24.1,25.7,0,0,0,0,0,0,0,0,2880,32,128,32,1600,32,0,0,0,0,10,4,7
50.0,18.1,0,0,0,0,0,0,0,0,2880,32,128,32,1600,32,0,0,0,0,10,4,7
43.5,18.4,0,0,0,0,0,0,0,0,2880,32,128,32,1600,32,0,0,0,0,10,4,7
49.6,3.4,0,0,0,0,0,0,0,0,2880,32,128,32,1600,32,0,0,0,0,10,4,7
44.6,32.2,0,0,0,0,0,0,0,0,2880,32,128,32,1600,32,0,0,0,0,10,4,7
23.8,2.2,0,0,0,0,0,0,0,0,2880,32,128,32,1600,32,0,0,0,0,10,4,7
1.5,48.4,0,0,0,0,0,0,0,0,2880,32,128,32,1600,32,0,0,0,0,10,4,7
23.3,35.6,0,0,0,0,0,0,0,0,2880,32,128,32,1600,32,0,0,0,0,10,4,7
24.9,32.1,0,0,0,0,0,0,0,0,2880,32,128,32,1600,32,0,0,0,0,10,4,7
40.7,28.3,0,0,0,0,0,0,0,0,2880,32,128,32,1600,32,0,0,0,0,10,4,7
10.2,11.2,0,0,0,0,0,0,0,0,2880,32,128,32,1600,32,0,0,0,0,10,4,7
49.9,20.8,0,0,0,0,0,0,0,0,2880,32,128,32,1600,32,0,0,0,0,10,4,7
38.5,13.1,0,0,0,0,0,0,0,0,2880,32,128,32,1600,32,0,0,0,0,10,4,7
35.2,47.8,0,0,0,0,0,0,0,0,2880,32,128,32,1600,32,0,0,0,0,10,4,7
13.8,6.3,0,0,0,0,0,0,0,0,2880,32,128,32,1600,32,0,0,0,0,10,4,7
36.0,48.6,0,0,0,0,0,0,0,0,2880,32,128,32,1600,32,0,0,0,0,10,4,7
38.7,38.1,0,0,0,0,0,0,0,0,2880,32,128,32,1600,32,0,0,0,0,10,4,7
34.5,26.4,0,0,0,0,0,0,0,0,2880,32,128,32,1600,32,0,0,0,0,10,4,7
7.8,29.8,0,0,0,0,0,0,0,0,2880,32,128,32,1600,32,0,0,0,0,10,4,7
21.7,15.9,0,0,0,0,0,0,0,0,2880,32,128,32,1600,32,0,0,0,0,10,4,7
10.9,40.2,0,0,0,0,0,0,0,0,2880,32,128,32,1600,32,0,0,0,0,10,4,7
24.0,13.6,0,0,0,0,0,0,0,0,2880,32,128,32,1600,32,0,0,0,0,10,4,7
14.0,37.4,0,0,0,0,0,0,0,0,2880,32,128,32,1600,32,0,0,0,0,10,4,7
11.4,16.5,0,0,0,0,0,0,0,0,2880,32,128,32,1600,32,0,0,0,0,10,4,7
41.0,19.1,0,0,0,0,0,0,0,0,2880,32,128,32,1600,32,0,0,0,0,10,4,7
35.5,10.0,0,0,0,0,0,0,0,0,2880,32,128,32,1600,32,0,0,0,0,10,4,7
19.5,29.0,0,0,0,0,0,0,0,0,2880,32,128,32,1600,32,0,0,0,0,10,4,7
43.6,7.4,0,0,0,0,0,0,0,0,2880,32,128,32,1600,32,0,0,0,0,10,4,7
31.4,26.6,0,0,0,0,0,0,0,0,2880,32,128,32,1600,32,0,0,0,0,10,4,7
38.4,9.7,0,0,0,0,0,0,0,0,2880,32,128,32,1600,32,0,0,0,0,10,4,7
27.1,26.1,0,0,0,0,0,0,0,0,2880,32,128,32,1600,32,0,0,0,0,10,4,7
6.1,22.6,0,0,0,0,0,0,0,0,2880,32,128,32,1600,32,0,0,0,0,10,4,7
27.9,8.8,0,0,0,0,0,0,0,0,2880,32,128,32,1600,32,0,0,0,0,10,4,7
25.6,30.7,0,0,0,0,0,0,0,0,2880,32,128,32,1600,32,0,0,0,0,10,4,7
19.1,26.3,0,0,0,0,0,0,0,0,2880,32,128,32,1600,32,0,0,0,0,10,4,7
47.8,49.9,0,0,0,0,0,0,0,0,2880,32,128,32,1600,32,0,0,0,0,10,4,7
8.0,37.5,0,0,0,0,0,0,0,0,2880,32,128,32,1600,32,0,0,0,0,10,4,7
36.8,17.1,0,0,0,0,0,0,0,0,2880,32,128,32,1600,32,0,0,0,0,10,4,7
20.6,48.2,0,0,0,0,0,0,0,0,2880,32,128,32,1600,32,0,0,0,0,10,4,7
8.1,27.0,0,0,0,0,0,0,0,0,2880,32,128,32,1600,32,0,0,0,0,10,4,7
42.4,2.4,0,0,0,0,0,0,0,0,2880,32,128,32,1600,32,0,0,0,0,10,4,7
11.1,5.2,0,0,0,0,0,0,0,0,2880,32,128,32,1600,32,0,0,0,0,10,4,7
28.0,9.9,0,0,0,0,0,0,0,0,2880,32,128,32,1600,32,0,0,0,0,10,4,7
13.0,16.7,0,0,0,0,0,0,0,0,2880,32,128,32,1600,32,0,0,0,0,10,4,7
25.3,33.9,0,0,0,0,0,0,0,0,2880,32,128,32,1600,32,0,0,0,0,10,4,7
11.2,39.1,0,0,0,0,0,0,0,0,2880,32,128,32,1600,32,0,0,0,0,10,4,7
26.6,43.8,0,0,0,0,0,0,0,0,2880,32,128,32,1600,32,0,0,0,0,10,4,7
27.1,32.1,0,0,0,0,0,0,0,0,2880,32,128,32,1600,32,0,0,0,0,10,4,7
6.8,10.7,0,0,0,0,0,0,0,0,2880,32,128,32,1600,32,0,0,0,0,10,4,7
46.9,25.7,0,0,0,0,0,0,0,0,2880,32,128,32,1600,32,0,0,0,0,10,4,7
36.4,44.2,0,0,0,0,0,0,0,0,2880,32,128,32,1600,32,0,0,0,0,10,4,7
34.2,3.4,0,0,0,0,0,0,0,0,2880,32,128,32,1600,32,0,0,0,0,10,4,7
8.1,2.0,0,0,0,0,0,0,0,0,2880,32,128,32,1600,32,0,0,0,0,10,4,7
12.5,21.0,0,0,0,0,0,0,0,0,2880,32,128,32,1600,32,0,0,0,0,10,4,7
45.3,10.8,0,0,0,0,0,0,0,0,2880,32,128,32,1600,32,0,0,0,0,10,4,7
10.1,48.5,0,0,0,0,0,0,0,0,2880,32,128,32,1600,32,0,0,0,0,10,4,7
27.5,11.9,0,0,0,0,0,0,0,0,2880,32,128,32,1600,32,0,0,0,0,10,4,7
6.4,1.9,0,0,0,0,0,0,0,0,2880,32,128,32,1600,32,0,0,0,0,10,4,7
33.3,17.6,0,0,0,0,0,0,0,0,2880,32,128,32,1600,32,0,0,0,0,10,4,7
5.8,8.4,0,0,0,0,0,0,0,0,2880,32,128,32,1600,32,0,0,0,0,10,4,7
25.4,47.1,0,0,0,0,0,0,0,0,2880,32,128,32,1600,32,0,0,0,0,10,4,7
35.4,44.1,0,0,0,0,0,0,0,0,2880,32,128,32,1600,32,0,0,0,0,10,4,7
18.8,45.0,0,0,0,0,0,0,0,0,2880,32,128,32,1600,32,0,0,0,0,10,4,7
40.9,4.8,0,0,0,0,0,0,0,0,2880,32,128,32,1600,32,0,0,0,0,10,4,7
40.9,41.3,0,0,0,0,0,0,0,0,2880,32,128,32,1600,32,0,0,0,0,10,4,7
8.5,26.2,0,0,0,0,0,0,0,0,2880,32,128,32,1600,32,0,0,0,0,10,4,7
28.6,43.0,0,0,0,0,0,0,0,0,2880,32,128,32,1600,32,0,0,0,0,10,4,7
47.5,47.3,0,0,0,0,0,0,0,0,2880,32,128,32,1600,32,0,0,0,0,10,4,7
8.8,1.4,0,0,0,0,0,0,0,0,2880,32,128,32,1600,32,0,0,0,0,10,4,7
41.1,43.6,0,0,0,0,0,0,0,0,2880,32,128,32,1600,32,0,0,0,0,10,4,7
7.3,24.3,0,0,0,0,0,0,0,0,2880,32,128,32,1600,32,0,0,0,0,10,4,7
20.0,2.6,0,0,0,0,0,0,0,0,2880,32,128,32,1600,32,0,0,0,0,10,4,7
24.9,30.7,0,0,0,0,0,0,0,0,2880,32,128,32,1600,32,0,0,0,0,10,4,7
4.4,24.0,0,0,0,0,0,0,0,0,2880,32,128,32,1600,32,0,0,0,0,10,4,7
48.4,33.0,0,0,0,0,0,0,0,0,2880,32,128,32,1600,32,0,0,0,0,10,4,7
48.4,43.7,0,0,0,0,0,0,0,0,2880,32,128,32,1600,32,0,0,0,0,10,4,7
15.7,28.0,0,0,0,0,0,0,0,0,2880,32,128,32,1600,32,0,0,0,0,10,4,7
15.6,11.5,0,0,0,0,0,0,0,0,2880,32,128,32,1600,32,0,0,0,0,10,4,7
= = = = = = = = = = = =
dummy_forward
31.5,41.9,0,0,0,0,0,0,0,0,2880,32,128,32,1600,32,0,0,0,0,10,4,7
15.8,33.0,0,0,0,0,0,0,0,0,2880,32,128,32,1600,32,0,0,0,0,10,4,7
11.5,19.9,0,0,0,0,0,0,0,0,2880,32,128,32,1600,32,0,0,0,0,10,4,7
31.2,33.8,0,0,0,0,0,0,0,0,2880,32,128,32,1600,32,0,0,0,0,10,4,7
13.7,41.0,0,0,0,0,0,0,0,0,2880,32,128,32,1600,32,0,0,0,0,10,4,7
36.2,35.1,0,0,0,0,0,0,0,0,2880,32,128,32,1600,32,0,0,0,0,10,4,7
15.7,30.4,0,0,0,0,0,0,0,0,2880,32,128,32,1600,32,0,0,0,0,10,4,7
6.2,23.6,0,0,0,0,0,0,0,0,2880,32,128,32,1600,32,0,0,0,0,10,4,7
33.7,49.9,0,0,0,0,0,0,0,0,2880,32,128,32,1600,32,0,0,0,0,10,4,7
50.0,22.7,0,0,0,0,0,0,0,0,2880,32,128,32,1600,32,0,0,0,0,10,4,7
49.8,46.8,0,0,0,0,0,0,0,0,2880,32,128,32,1600,32,0,0,0,0,10,4,7
48.6,34.8,0,0,0,0,0,0,0,0,2880,32,128,32,1600,32,0,0,0,0,10,4,7
6.0,39.5,0,0,0,0,0,0,0,0,2880,32,128,32,1600,32,0,0,0,0,10,4,7
8.2,45.3,0,0,0,0,0,0,0,0,2880,32,128,32,1600,32,0,0,0,0,10,4,7
47.0,48.8,0,0,0,0,0,0,0,0,2880,32,128,32,1600,32,0,0,0,0,10,4,7
50.0,19.7,0,0,0,0,0,0,0,0,2880,32,128,32,1600,32,0,0,0,0,10,4,7
43.4,37.6,0,0,0,0,0,0,0,0,2880,32,128,32,1600,32,0,0,0,0,10,4,7
27.0,22.4,0,0,0,0,0,0,0,0,2880,32,128,32,1600,32,0,0,0,0,10,4,7
36.3,20.1,0,0,0,0,0,0,0,0,2880,32,128,32,1600,32,0,0,0,0,10,4,7
29.2,18.6,0,0,0,0,0,0,0,0,2880,32,128,32,1600,32,0,0,0,0,10,4,7
46.1,45.8,0,0,0,0,0,0,0,0,2880,32,128,32,1600,32,0,0,0,0,10,4,7
45.4,25.9,0,0,0,0,0,0,0,0,2880,32,128,32,1600,32,0,0,0,0,10,4,7
40.2,29.6,0,0,0,0,0,0,0,0,2880,32,128,32,1600,32,0,0,0,0,10,4,7
8.3,33.9,0,0,0,0,0,0,0,0,2880,32,128,32,1600,32,0,0,0,0,10,4,7
47.9,2.6,0,0,0,0,0,0,0,0,2880,32,128,32,1600,32,0,0,0,0,10,4,7
38.7,25.8,0,0,0,0,0,0,0,0,2880,32,128,32,1600,32,0,0,0,0,10,4,7
17.0,3.3,0,0,0,0,0,0,0,0,2880,32,128,32,1600,32,0,0,0,0,10,4,7
12.4,27.3,0,0,0,0,0,0,0,0,2880,32,128,32,1600,32,0,0,0,0,10,4,7
18.2,30.4,0,0,0,0,0,0,0,0,2880,32,128,32,1600,32,0,0,0,0,10,4,7
45.7,49.3,0,0,0,0,0,0,0,0,2880,32,128,32,1600,32,0,0,0,0,10,4,7
36.3,37.7,0,0,0,0,0,0,0,0,2880,32,128,32,1600,32,0,0,0,0,10,4,7
25.5,2.4,0,0,0,0,0,0,0,0,2880,32,128,32,1600,32,0,0,0,0,10,4,7
2.1,21.5,0,0,0,0,0,0,0,0,2880,32,128,32,1600,32,0,0,0,0,10,4,7
10.6,18.6,0,0,0,0,0,0,0,0,2880,32,128,32,1600,32,0,0,0,0,10,4,7
7.9,29.4,0,0,0,0,0,0,0,0,2880,32,128,32,1600,32,0,0,0,0,10,4,7
17.2,18.9,0,0,0,0,0,0,0,0,2880,32,128,32,1600,32,0,0,0,0,10,4,7
45.4,27.8,0,0,0,0,0,0,0,0,2880,32,128,32,1600,32,0,0,0,0,10,4,7
40.0,49.0,0,0,0,0,0,0,0,0,2880,32,128,32,1600,32,0,0,0,0,10,4,7
4.4,32.6,0,0,0,0,0,0,0,0,2880,32,128,32,1600,32,0,0,0,0,10,4,7
9.6,23.8,0,0,0,0,0,0,0,0,2880,32,128,32,1600,32,0,0,0,0,10,4,7
23.1,13.1,0,0,0,0,0,0,0,0,2880,32,128,32,1600,32,0,0,0,0,10,4,7
29.7,25.0,0,0,0,0,0,0,0,0,2880,32,128,32,1600,32,0,0,0,0,10,4,7
19.1,19.9,0,0,0,0,0,0,0,0,2880,32,128,32,1600,32,0,0,0,0,10,4,7
47.1,18.7,0,0,0,0,0,0,0,0,2880,32,128,32,1600,32,0,0,0,0,10,4,7
30.8,19.5,0,0,0,0,0,0,0,0,2880,32,128,32,1600,32,0,0,0,0,10,4,7
26.1,23.5,0,0,0,0,0,0,0,0,2880,32,128,32,1600,32,0,0,0,0,10,4,7
41.0,28.9,0,0,0,0,0,0,0,0,2880,32,128,32,1600,32,0,0,0,0,10,4,7
36.8,20.8,0,0,0,0,0,0,0,0,2880,32,128,32,1600,32,0,0,0,0,10,4,7
36.4,40.1,0,0,0,0,0,0,0,0,2880,32,128,32,1600,32,0,0,0,0,10,4,7
45.0,15.7,0,0,0,0,0,0,0,0,2880,32,128,32,1600,32,0,0,0,0,10,4,7
24.8,49.5,0,0,0,0,0,0,0,0,2880,32,128,32,1600,32,0,0,0,0,10,4,7
30.2,24.8,0,0,0,0,0,0,0,0,2880,32,128,32,1600,32,0,0,0,0,10,4,7
12.9,37.8,0,0,0,0,0,0,0,0,2880,32,128,32,1600,32,0,0,0,0,10,4,7
49.9,4.2,0,0,0,0,0,0,0,0,2880,32,128,32,1600,32,0,0,0,0,10,4,7
11.5,9.2,0,0,0,0,0,0,0,0,2880,32,128,32,1600,32,0,0,0,0,10,4,7
24.0,33.8,0,0,0,0,0,0,0,0,2880,32,128,32,1600,32,0,0,0,0,10,4,7
40.0,13.5,0,0,0,0,0,0,0,0,2880,32,128,32,1600,32,0,0,0,0,10,4,7
9.8,27.1,0,0,0,0,0,0,0,0,2880,32,128,32,1600,32,0,0,0,0,10,4,7
38.0,12.2,0,0,0,0,0,0,0,0,2880,32,128,32,1600,32,0,0,0,0,10,4,7
22.3,13.6,0,0,0,0,0,0,0,0,2880,32,128,32,1600,32,0,0,0,0,10,4,7
1.9,24.8,0,0,0,0,0,0,0,0,2880,32,128,32,1600,32,0,0,0,0,10,4,7
25.8,35.8,0,0,0,0,0,0,0,0,2880,32,128,32,1600,32,0,0,0,0,10,4,7
39.0,36.9,0,0,0,0,0,0,0,0,2880,32,128,32,1600,32,0,0,0,0,10,4,7
2.0,28.4,0,0,0,0,0,0,0,0,2880,32,128,32,1600,32,0,0,0,0,10,4,7
21.6,19.1,0,0,0,0,0,0,0,0,2880,32,128,32,1600,32,0,0,0,0,10,4,7
4.8,16.1,0,0,0,0,0,0,0,0,2880,32,128,32,1600,32,0,0,0,0,10,4,7
1.9,11.7,0,0,0,0,0,0,0,0,2880,32,128,32,1600,32,0,0,0,0,10,4,7
47.3,4.9,0,0,0,0,0,0,0,0,2880,32,128,32,1600,32,0,0,0,0,10,4,7
43.5,10.8,0,0,0,0,0,0,0,0,2880,32,128,32,1600,32,0,0,0,0,10,4,7
25.1,35.2,0,0,0,0,0,0,0,0,2880,32,128,32,1600,32,0,0,0,0,10,4,7
45.2,10.4,0,0,0,0,0,0,0,0,2880,32,128,32,1600,32,0,0,0,0,10,4,7
13.6,20.8,0,0,0,0,0,0,0,0,2880,32,128,32,1600,32,0,0,0,0,10,4,7
43.5,32.6,0,0,0,0,0,0,0,0,2880,32,128,32,1600,32,0,0,0,0,10,4,7
11.3,11.1,0,0,0,0,0,0,0,0,2880,32,128,32,1600,32,0,0,0,0,10,4,7
4.2,31.1,0,0,0,0,0,0,0,0,2880,32,128,32,1600,32,0,0,0,0,10,4,7
34.5,17.6,0,0,0,0,0,0,0,0,2880,32,128,32,1600,32,0,0,0,0,10,4,7
9.7,49.3,0,0,0,0,0,0,0,0,2880,32,128,32,1600,32,0,0,0,0,10,4,7
47.9,15.3,0,0,0,0,0,0,0,0,2880,32,128,32,1600,32,0,0,0,0,10,4,7
6.1,33.6,0,0,0,0,0,0,0,0,2880,32,128,32,1600,32,0,0,0,0,10,4,7
37.4,30.0,0,0,0,0,0,0,0,0,2880,32,128,32,1600,32,0,0,0,0,10,4,7
34.8,7.1,0,0,0,0,0,0,0,0,2880,32,128,32,1600,32,0,0,0,0,10,4,7
24.4,14.3,0,0,0,0,0,0,0,0,2880,32,128,32,1600,32,0,0,0,0,10,4,7
18.8,1.7,0,0,0,0,0,0,0,0,2880,32,128,32,1600,32,0,0,0,0,10,4,7
36.0,23.4,0,0,0,0,0,0,0,0,2880,32,128,32,1600,32,0,0,0,0,10,4,7
39.0,29.1,0,0,0,0,0,0,0,0,2880,32,128,32,1600,32,0,0,0,0,10,4,7
34.0,4.1,0,0,0,0,0,0,0,0,2880,32,128,32,1600,32,0,0,0,0,10,4,7
40.1,32.6,0,0,0,0,0,0,0,0,2880,32,128,32,1600,32,0,0,0,0,10,4,7
29.6,12.8,0,0,0,0,0,0,0,0,2880,32,128,32,1600,32,0,0,0,0,10,4,7
46.9,4.4,0,0,0,0,0,0,0,0,2880,32,128,32,1600,32,0,0,0,0,10,4,7
39.7,18.6,0,0,0,0,0,0,0,0,2880,32,128,32,1600,32,0,0,0,0,10,4,7
7.6,23.2,0,0,0,0,0,0,0,0,2880,32,128,32,1600,32,0,0,0,0,10,4,7
30.4,22.3,0,0,0,0,0,0,0,0,2880,32,128,32,1600,32,0,0,0,0,10,4,7
33.7,4.5,0,0,0,0,0,0,0,0,2880,32,128,32,1600,32,0,0,0,0,10,4,7
34.2,45.2,0,0,0,0,0,0,0,0,2880,32,128,32,1600,32,0,0,0,0,10,4,7
13.7,4.1,0,0,0,0,0,0,0,0,2880,32,128,32,1600,32,0,0,0,0,10,4,7
13.9,7.3,0,0,0,0,0,0,0,0,2880,32,128,32,1600,32,0,0,0,0,10,4,7
19.4,24.8,0,0,0,0,0,0,0,0,2880,32,128,32,1600,32,0,0,0,0,10,4,7
49.0,3.3,0,0,0,0,0,0,0,0,2880,32,128,32,1600,32,0,0,0,0,10,4,7
32.8,16.8,0,0,0,0,0,0,0,0,2880,32,128,32,1600,32,0,0,0,0,10,4,7
17.9,2.8,0,0,0,0,0,0,0,0,2880,32,128,32,1600,32,0,0,0,0,10,4,7
24.8,19.3,0,0,0,0,0,0,0,0,2880,32,128,32,1600,32,0,0,0,0,10,4,7
6.7,24.4,0,0,0,0,0,0,0,0,2880,32,128,32,1600,32,0,0,0,0,10,4,7
20.8,2.2,0,0,0,0,0,0,0,0,2880,32,128,32,1600,32,0,0,0,0,10,4,7
46.9,13.7,0,0,0,0,0,0,0,0,2880,32,128,32,1600,32,0,0,0,0,10,4,7
15.5,44.4,0,0,0,0,0,0,0,0,2880,32,128,32,1600,32,0,0,0,0,10,4,7
40.4,20.9,0,0,0,0,0,0,0,0,2880,32,128,32,1600,32,0,0,0,0,10,4,7
40.3,15.0,0,0,0,0,0,0,0,0,2880,32,128,32,1600,32,0,0,0,0,10,4,7
5.1,24.7,0,0,0,0,0,0,0,0,2880,32,128,32,1600,32,0,0,0,0,10,4,7
6.6,38.3,0,0,0,0,0,0,0,0,2880,32,128,32,1600,32,0,0,0,0,10,4,7
13.5,10.5,0,0,0,0,0,0,0,0,2880,32,128,32,1600,32,0,0,0,0,10,4,7
25.9,16.6,0,0,0,0,0,0,0,0,2880,32,128,32,1600,32,0,0,0,0,10,4,7
1.9,19.7,0,0,0,0,0,0,0,0,2880,32,128,32,1600,32,0,0,0,0,10,4,7
7.3,20.4,0,0,0,0,0,0,0,0,2880,32,128,32,1600,32,0,0,0,0,10,4,7
31.1,48.6,0,0,0,0,0,0,0,0,2880,32,128,32,1600,32,0,0,0,0,10,4,7
31.6,6.6,0,0,0,0,0,0,0,0,2880,32,128,32,1600,32,0,0,0,0,10,4,7
46.2,28.9,0,0,0,0,0,0,0,0,2880,32,128,32,1600,32,0,0,0,0,10,4,7
1.3,33.0,0,0,0,0,0,0,0,0,2880,32,128,32,1600,32,0,0,0,0,10,4,7
45.1,9.7,0,0,0,0,0,0,0,0,2880,32,128,32,1600,32,0,0,0,0,10,4,7
41.6,47.7,0,0,0,0,0,0,0,0,2880,32,128,32,1600,32,0,0,0,0,10,4,7
2.5,37.0,0,0,0,0,0,0,0,0,2880,32,128,32,1600,32,0,0,0,0,10,4,7
16.7,17.2,0,0,0,0,0,0,0,0,2880,32,128,32,1600,32,0,0,0,0,10,4,7
24.0,6.0,0,0,0,0,0,0,0,0,2880,32,128,32,1600,32,0,0,0,0,10,4,7
13.8,3.1,0,0,0,0,0,0,0,0,2880,32,128,32,1600,32,0,0,0,0,10,4,7
29.9,46.8,0,0,0,0,0,0,0,0,2880,32,128,32,1600,32,0,0,0,0,10,4,7
10.9,39.3,0,0,0,0,0,0,0,0,2880,32,128,32,1600,32,0,0,0,0,10,4,7
18.2,6.0,0,0,0,0,0,0,0,0,2880,32,128,32,1600,32,0,0,0,0,10,4,7
1.4,40.1,0,0,0,0,0,0,0,0,2880,32,128,32,1600,32,0,0,0,0,10,4,7
2.1,15.1,0,0,0,0,0,0,0,0,2880,32,128,32,1600,32,0,0,0,0,10,4,7
39.2,33.4,0,0,0,0,0,0,0,0,2880,32,128,32,1600,32,0,0,0,0,10,4,7
43.5,16.4,0,0,0,0,0,0,0,0,2880,32,128,32,1600,32,0,0,0,0,10,4,7
22.7,11.4,0,0,0,0,0,0,0,0,2880,32,128,32,1600,32,0,0,0,0,10,4,7
7.1,44.0,0,0,0,0,0,0,0,0,2880,32,128,32,1600,32,0,0,0,0,10,4,7
38.9,46.4,0,0,0,0,0,0,0,0,2880,32,128,32,1600,32,0,0,0,0,10,4,7
16.5,8.6,0,0,0,0,0,0,0,0,2880,32,128,32,1600,32,0,0,0,0,10,4,7
2.3,32.2,0,0,0,0,0,0,0,0,2880,32,128,32,1600,32,0,0,0,0,10,4,7
1.3,40.9,0,0,0,0,0,0,0,0,2880,32,128,32,1600,32,0,0,0,0,10,4,7
32.0,14.7,0,0,0,0,0,0,0,0,2880,32,128,32,1600,32,0,0,0,0,10,4,7
42.9,32.8,0,0,0,0,0,0,0,0,2880,32,128,32,1600,32,0,0,0,0,10,4,7
42.0,3.5,0,0,0,0,0,0,0,0,2880,32,128,32,1600,32,0,0,0,0,10,4,7
38.4,19.7,0,0,0,0,0,0,0,0,2880,32,128,32,1600,32,0,0,0,0,10,4,7
39.8,12.6,0,0,0,0,0,0,0,0,2880,32,128,32,1600,32,0,0,0,0,10,4,7
12.6,45.0,0,0,0,0,0,0,0,0,2880,32,128,32,1600,32,0,0,0,0,10,4,7
22.6,6.7,0,0,0,0,0,0,0,0,2880,32,128,32,1600,32,0,0,0,0,10,4,7
26.0,47.0,0,0,0,0,0,0,0,0,2880,32,128,32,1600,32,0,0,0,0,10,4,7
47.6,28.3,0,0,0,0,0,0,0,0,2880,32,128,32,1600,32,0,0,0,0,10,4,7
43.0,39.2,0,0,0,0,0,0,0,0,2880,32,128,32,1600,32,0,0,0,0,10,4,7
29.3,12.7,0,0,0,0,0,0,0,0,2880,32,128,32,1600,32,0,0,0,0,10,4,7
36.2,25.8,0,0,0,0,0,0,0,0,2880,32,128,32,1600,32,0,0,0,0,10,4,7
45.3,16.2,0,0,0,0,0,0,0,0,2880,32,128,32,1600,32,0,0,0,0,10,4,7
4.2,34.8,0,0,0,0,0,0,0,0,2880,32,128,32,1600,32,0,0,0,0,10,4,7
49.4,34.2,0,0,0,0,0,0,0,0,2880,32,128,32,1600,32,0,0,0,0,10,4,7
26.8,17.0,0,0,0,0,0,0,0,0,2880,32,128,32,1600,32,0,0,0,0,10,4,7
21.1,38.8,0,0,0,0,0,0,0,0,2880,32,128,32,1600,32,0,0,0,0,10,4,7
2.2,47.7,0,0,0,0,0,0,0,0,2880,32,128,32,1600,32,0,0,0,0,10,4,7
26.7,49.2,0,0,0,0,0,0,0,0,2880,32,128,32,1600,32,0,0,0,0,10,4,7
3.5,29.5,0,0,0,0,0,0,0,0,2880,32,128,32,1600,32,0,0,0,0,10,4,7
47.0,36.8,0,0,0,0,0,0,0,0,2880,32,128,32,1600,32,0,0,0,0,10,4,7
29.0,12.6,0,0,0,0,0,0,0,0,2880,32,128,32,1600,32,0,0,0,0,10,4,7
37.5,11.0,0,0,0,0,0,0,0,0,2880,32,128,32,1600,32,0,0,0,0,10,4,7
27.2,16.9,0,0,0,0,0,0,0,0,2880,32,128,32,1600,32,0,0,0,0,10,4,7
37.8,8.7,0,0,0,0,0,0,0,0,2880,32,128,32,1600,32,0,0,0,0,10,4,7
8.2,44.7,0,0,0,0,0,0,0,0,2880,32,128,32,1600,32,0,0,0,0,10,4,7
16.0,12.9,0,0,0,0,0,0,0,0,2880,32,128,32,1600,32,0,0,0,0,10,4,7
25.0,28.0,0,0,0,0,0,0,0,0,2880,32,128,32,1600,32,0,0,0,0,10,4,7
29.3,19.8,0,0,0,0,0,0,0,0,2880,32,128,32,1600,32,0,0,0,0,10,4,7
45.6,26.8,0,0,0,0,0,0,0,0,2880,32,128,32,1600,32,0,0,0,0,10,4,7
35.2,15.4,0,0,0,0,0,0,0,0,2880,32,128,32,1600,32,0,0,0,0,10,4,7
18.4,12.2,0,0,0,0,0,0,0,0,2880,32,128,32,1600,32,0,0,0,0,10,4,7
28.0,26.1,0,0,0,0,0,0,0,0,2880,32,128,32,1600,32,0,0,0,0,10,4,7
2.0,44.5,0,0,0,0,0,0,0,0,2880,32,128,32,1600,32,0,0,0,0,10,4,7
22.9,17.9,0,0,0,0,0,0,0,0,2880,32,128,32,1600,32,0,0,0,0,10,4,7
3.8,12.9,0,0,0,0,0,0,0,0,2880,32,128,32,1600,32,0,0,0,0,10,4,7
4.6,35.0,0,0,0,0,0,0,0,0,2880,32,128,32,1600,32,0,0,0,0,10,4,7
46.7,46.7,0,0,0,0,0,0,0,0,2880,32,128,32,1600,32,0,0,0,0,10,4,7
26.7,5.3,0,0,0,0,0,0,0,0,2880,32,128,32,1600,32,0,0,0,0,10,4,7
28.9,30.1,0,0,0,0,0,0,0,0,2880,32,128,32,1600,32,0,0,0,0,10,4,7
25.8,23.0,0,0,0,0,0,0,0,0,2880,32,128,32,1600,32,0,0,0,0,10,4,7
2.5,15.9,0,0,0,0,0,0,0,0,2880,32,128,32,1600,32,0,0,0,0,10,4,7
3.0,30.8,0,0,0,0,0,0,0,0,2880,32,128,32,1600,32,0,0,0,0,10,4,7
44.9,39.2,0,0,0,0,0,0,0,0,2880,32,128,32,1600,32,0,0,0,0,10,4,7
21.9,16.4,0,0,0,0,0,0,0,0,2880,32,128,32,1600,32,0,0,0,0,10,4,7
29.2,26.6,0,0,0,0,0,0,0,0,2880,32,128,32,1600,32,0,0,0,0,10,4,7
44.7,40.0,0,0,0,0,0,0,0,0,2880,32,128,32,1600,32,0,0,0,0,10,4,7
10.8,3.8,0,0,0,0,0,0,0,0,2880,32,128,32,1600,32,0,0,0,0,10,4,7
15.3,24.1,0,0,0,0,0,0,0,0,2880,32,128,32,1600,32,0,0,0,0,10,4,7
6.3,47.2,0,0,0,0,0,0,0,0,2880,32,128,32,1600,32,0,0,0,0,10,4,7
2.7,29.9,0,0,0,0,0,0,0,0,2880,32,128,32,1600,32,0,0,0,0,10,4,7
28.8,46.8,0,0,0,0,0,0,0,0,2880,32,128,32,1600,32,0,0,0,0,10,4,7
13.1,34.1,0,0,0,0,0,0,0,0,2880,32,128,32,1600,32,0,0,0,0,10,4,7
2.0,26.6,0,0,0,0,0,0,0,0,2880,32,128,32,1600,32,0,0,0,0,10,4,7
33.8,13.7,0,0,0,0,0,0,0,0,2880,32,128,32,1600,32,0,0,0,0,10,4,7
6.4,1.3,0,0,0,0,0,0,0,0,2880,32,128,32,1600,32,0,0,0,0,10,4,7
37.7,14.7,0,0,0,0,0,0,0,0,2880,32,128,32,1600,32,0,0,0,0,10,4,7
33.6,45.9,0,0,0,0,0,0,0,0,2880,32,128,32,1600,32,0,0,0,0,10,4,7
10.9,7.6,0,0,0,0,0,0,0,0,2880,32,128,32,1600,32,0,0,0,0,10,4,7
36.0,1.2,0,0,0,0,0,0,0,0,2880,32,128,32,1600,32,0,0,0,0,10,4,7
30.6,36.9,0,0,0,0,0,0,0,0,2880,32,128,32,1600,32,0,0,0,0,10,4,7
45.7,33.3,0,0,0,0,0,0,0,0,2880,32,128,32,1600,32,0,0,0,0,10,4,7
40.5,29.5,0,0,0,0,0,0,0,0,2880,32,128,32,1600,32,0,0,0,0,10,4,7
46.0,4.0,0,0,0,0,0,0,0,0,2880,32,128,32,1600,32,0,0,0,0,10,4,7
32.4,19.7,0,0,0,0,0,0,0,0,2880,32,128,32,1600,32,0,0,0,0,10,4,7
35.0,4.9,0,0,0,0,0,0,0,0,2880,32,128,32,1600,32,0,0,0,0,10,4,7
45.1,12.0,0,0,0,0,0,0,0,0,2880,32,128,32,1600,32,0,0,0,0,10,4,7
29.9,34.0,0,0,0,0,0,0,0,0,2880,32,128,32,1600,32,0,0,0,0,10,4,7
10.3,40.7,0,0,0,0,0,0,0,0,2880,32,128,32,1600,32,0,0,0,0,10,4,7
6.2,42.2,0,0,0,0,0,0,0,0,2880,32,128,32,1600,32,0,0,0,0,10,4,7
24.6,44.6,0,0,0,0,0,0,0,0,2880,32,128,32,1600,32,0,0,0,0,10,4,7
48.7,29.9,0,0,0,0,0,0,0,0,2880,32,128,32,1600,32,0,0,0,0,10,4,7
9.4,5.4,0,0,0,0,0,0,0,0,2880,32,128,32,1600,32,0,0,0,0,10,4,7
23.5,9.1,0,0,0,0,0,0,0,0,2880,32,128,32,1600,32,0,0,0,0,10,4,7
35.0,9.5,0,0,0,0,0,0,0,0,2880,32,128,32,1600,32,0,0,0,0,10,4,7
41.5,28.5,0,0,0,0,0,0,0,0,2880,32,128,32,1600,32,0,0,0,0,10,4,7
25.3,14.5,0,0,0,0,0,0,0,0,2880,32,128,32,1600,32,0,0,0,0,10,4,7
32.4,19.1,0,0,0,0,0,0,0,0,2880,32,128,32,1600,32,0,0,0,0,10,4,7
4.4,36.2,0,0,0,0,0,0,0,0,2880,32,128,32,1600,32,0,0,0,0,10,4,7
26.8,36.0,0,0,0,0,0,0,0,0,2880,32,128,32,1600,32,0,0,0,0,10,4,7
37.0,49.8,0,0,0,0,0,0,0,0,2880,32,128,32,1600,32,0,0,0,0,10,4,7
7.5,44.6,0,0,0,0,0,0,0,0,2880,32,128,32,1600,32,0,0,0,0,10,4,7
25.2,12.2,0,0,0,0,0,0,0,0,2880,32,128,32,1600,32,0,0,0,0,10,4,7
24.7,46.8,0,0,0,0,0,0,0,0,2880,32,128,32,1600,32,0,0,0,0,10,4,7
9.0,49.5,0,0,0,0,0,0,0,0,2880,32,128,32,1600,32,0,0,0,0,10,4,7
43.9,37.4,0,0,0,0,0,0,0,0,2880,32,128,32,1600,32,0,0,0,0,10,4,7
2.3,41.0,0,0,0,0,0,0,0,0,2880,32,128,32,1600,32,0,0,0,0,10,4,7
20.2,2.1,0,0,0,0,0,0,0,0,2880,32,128,32,1600,32,0,0,0,0,10,4,7
15.9,8.8,0,0,0,0,0,0,0,0,2880,32,128,32,1600,32,0,0,0,0,10,4,7
12.0,3.9,0,0,0,0,0,0,0,0,2880,32,128,32,1600,32,0,0,0,0,10,4,7
18.6,11.8,0,0,0,0,0,0,0,0,2880,32,128,32,1600,32,0,0,0,0,10,4,7
16.6,15.0,0,0,0,0,0,0,0,0,2880,32,128,32,1600,32,0,0,0,0,10,4,7
22.1,7.2,0,0,0,0,0,0,0,0,2880,32,128,32,1600,32,0,0,0,0,10,4,7
6.3,31.4,0,0,0,0,0,0,0,0,2880,32,128,32,1600,32,0,0,0,0,10,4,7
33.7,48.5,0,0,0,0,0,0,0,0,2880,32,128,32,1600,32,0,0,0,0,10,4,7
14.3,37.2,0,0,0,0,0,0,0,0,2880,32,128,32,1600,32,0,0,0,0,10,4,7
12.5,12.9,0,0,0,0,0,0,0,0,2880,32,128,32,1600,32,0,0,0,0,10,4,7
25.1,6.6,0,0,0,0,0,0,0,0,2880,32,128,32,1600,32,0,0,0,0,10,4,7
26.6,19.9,0,0,0,0,0,0,0,0,2880,32,128,32,1600,32,0,0,0,0,10,4,7
24.6,38.8,0,0,0,0,0,0,0,0,2880,32,128,32,1600,32,0,0,0,0,10,4,7
24.7,45.4,0,0,0,0,0,0,0,0,2880,32,128,32,1600,32,0,0,0,0,10,4,7
23.3,15.9,0,0,0,0,0,0,0,0,2880,32,128,32,1600,32,0,0,0,0,10,4,7
44.6,34.7,0,0,0,0,0,0,0,0,2880,32,128,32,1600,32,0,0,0,0,10,4,7
16.5,43.4,0,0,0,0,0,0,0,0,2880,32,128,32,1600,32,0,0,0,0,10,4,7
11.4,22.2,0,0,0,0,0,0,0,0,2880,32,128,32,1600,32,0,0,0,0,10,4,7
1.8,14.1,0,0,0,0,0,0,0,0,2880,32,128,32,1600,32,0,0,0,0,10,4,7
17.1,25.1,0,0,0,0,0,0,0,0,2880,32,128,32,1600,32,0,0,0,0,10,4,7
19.0,39.3,0,0,0,0,0,0,0,0,2880,32,128,32,1600,32,0,0,0,0,10,4,7
19.6,35.1,0,0,0,0,0,0,0,0,2880,32,128,32,1600,32,0,0,0,0,10,4,7
3.3,26.5,0,0,0,0,0,0,0,0,2880,32,128,32,1600,32,0,0,0,0,10,4,7
14.4,25.0,0,0,0,0,0,0,0,0,2880,32,128,32,1600,32,0,0,0,0,10,4,7
49.1,24.2,0,0,0,0,0,0,0,0,2880,32,128,32,1600,32,0,0,0,0,10,4,7
9.0,9.0,0,0,0,0,0,0,0,0,2880,32,128,32,1600,32,0,0,0,0,10,4,7
45.9,33.3,0,0,0,0,0,0,0,0,2880,32,128,32,1600,32,0,0,0,0,10,4,7
23.5,18.1,0,0,0,0,0,0,0,0,2880,32,128,32,1600,32,0,0,0,0,10,4,7
10.9,29.5,0,0,0,0,0,0,0,0,2880,32,128,32,1600,32,0,0,0,0,10,4,7
22.1,3.8,0,0,0,0,0,0,0,0,2880,32,128,32,1600,32,0,0,0,0,10,4,7
39.4,15.7,0,0,0,0,0,0,0,0,2880,32,128,32,1600,32,0,0,0,0,10,4,7
9.2,29.7,0,0,0,0,0,0,0,0,2880,32,128,32,1600,32,0,0,0,0,10,4,7
1.4,9.3,0,0,0,0,0,0,0,0,2880,32,128,32,1600,32,0,0,0,0,10,4,7
38.8,23.3,0,0,0,0,0,0,0,0,2880,32,128,32,1600,32,0,0,0,0,10,4,7
9.6,43.9,0,0,0,0,0,0,0,0,2880,32,128,32,1600,32,0,0,0,0,10,4,7
37.1,9.1,0,0,0,0,0,0,0,0,2880,32,128,32,1600,32,0,0,0,0,10,4,7
37.5,5.3,0,0,0,0,0,0,0,0,2880,32,128,32,1600,32,0,0,0,0,10,4,7
11.6,8.4,0,0,0,0,0,0,0,0,2880,32,128,32,1600,32,0,0,0,0,10,4,7
18.2,17.6,0,0,0,0,0,0,0,0,2880,32,128,32,1600,32,0,0,0,0,10,4,7
13.6,38.6,0,0,0,0,0,0,0,0,2880,32,128,32,1600,32,0,0,0,0,10,4,7
16.1,45.1,0,0,0,0,0,0,0,0,2880,32,128,32,1600,32,0,0,0,0,10,4,7
29.2,47.4,0,0,0,0,0,0,0,0,2880,32,128,32,1600,32,0,0,0,0,10,4,7
8.4,41.7,0,0,0,0,0,0,0,0,2880,32,128,32,1600,32,0,0,0,0,10,4,7
44.5,21.4,0,0,0,0,0,0,0,0,2880,32,128,32,1600,32,0,0,0,0,10,4,7
6.4,49.3,0,0,0,0,0,0,0,0,2880,32,128,32,1600,32,0,0,0,0,10,4,7
12.1,35.1,0,0,0,0,0,0,0,0,2880,32,128,32,1600,32,0,0,0,0,10,4,7
19.3,26.6,0,0,0,0,0,0,0,0,2880,32,128,32,1600,32,0,0,0,0,10,4,7
34.8,7.5,0,0,0,0,0,0,0,0,2880,32,128,32,1600,32,0,0,0,0,10,4,7
29.0,37.5,0,0,0,0,0,0,0,0,2880,32,128,32,1600,32,0,0,0,0,10,4,7
5.3,36.1,0,0,0,0,0,0,0,0,2880,32,128,32,1600,32,0,0,0,0,10,4,7
10.3,48.3,0,0,0,0,0,0,0,0,2880,32,128,32,1600,32,0,0,0,0,10,4,7
22.1,35.2,0,0,0,0,0,0,0,0,2880,32,128,32,1600,32,0,0,0,0,10,4,7
12.6,12.9,0,0,0,0,0,0,0,0,2880,32,128,32,1600,32,0,0,0,0,10,4,7
13.9,10.6,0,0,0,0,0,0,0,0,2880,32,128,32,1600,32,0,0,0,0,10,4,7
37.3,5.5,0,0,0,0,0,0,0,0,2880,32,128,32,1600,32,0,0,0,0,10,4,7
5.1,37.4,0,0,0,0,0,0,0,0,2880,32,128,32,1600,32,0,0,0,0,10,4,7
38.7,44.6,0,0,0,0,0,0,0,0,2880,32,128,32,1600,32,0,0,0,0,10,4,7
16.2,25.9,0,0,0,0,0,0,0,0,2880,32,128,32,1600,32,0,0,0,0,10,4,7
46.9,23.7,0,0,0,0,0,0,0,0,2880,32,128,32,1600,32,0,0,0,0,10,4,7
48.8,15.8,0,0,0,0,0,0,0,0,2880,32,128,32,1600,32,0,0,0,0,10,4,7
37.3,21.7,0,0,0,0,0,0,0,0,2880,32,128,32,1600,32,0,0,0,0,10,4,7
1.2,20.1,0,0,0,0,0,0,0,0,2880,32,128,32,1600,32,0,0,0,0,10,4,7
44.9,32.5,0,0,0,0,0,0,0,0,2880,32,128,32,1600,32,0,0,0,0,10,4,7
25.0,23.8,0,0,0,0,0,0,0,0,2880,32,128,32,1600,32,0,0,0,0,10,4,7
2.4,4.7,0,0,0,0,0,0,0,0,2880,32,128,32,1600,32,0,0,0,0,10,4,7
13.7,16.9,0,0,0,0,0,0,0,0,2880,32,128,32,1600,32,0,0,0,0,10,4,7
40.3,20.0,0,0,0,0,0,0,0,0,2880,32,128,32,1600,32,0,0,0,0,10,4,7
8.8,16.3,0,0,0,0,0,0,0,0,2880,32,128,32,1600,32,0,0,0,0,10,4,7
44.8,4.6,0,0,0,0,0,0,0,0,2880,32,128,32,1600,32,0,0,0,0,10,4,7
39.8,30.4,0,0,0,0,0,0,0,0,2880,32,128,32,1600,32,0,0,0,0,10,4,7
33.7,48.3,0,0,0,0,0,0,0,0,2880,32,128,32,1600,32,0,0,0,0,10,4,7
40.9,33.4,0,0,0,0,0,0,0,0,2880,32,128,32,1600,32,0,0,0,0,10,4,7
31.7,36.7,0,0,0,0,0,0,0,0,2880,32,128,32,1600,32,0,0,0,0,10,4,7
47.0,38.8,0,0,0,0,0,0,0,0,2880,32,128,32,1600,32,0,0,0,0,10,4,7
4.2,44.4,0,0,0,0,0,0,0,0,2880,32,128,32,1600,32,0,0,0,0,10,4,7
32.1,30.6,0,0,0,0,0,0,0,0,2880,32,128,32,1600,32,0,0,0,0,10,4,7
18.0,5.3,0,0,0,0,0,0,0,0,2880,32,128,32,1600,32,0,0,0,0,10,4,7
= = = = = = = = = = = =
kind_of_real
14.1,22.7,0,0,0,0,0,0,0,0,2880,32,128,32,1600,32,0,0,0,0,10,4,7
21.9,33.2,0,0,0,0,0,0,0,0,2880,32,128,32,1600,32,0,0,0,0,10,4,7
20.6,14.4,0,0,0,0,0,0,0,0,2880,32,128,32,1600,32,0,0,0,0,10,4,7
19.6,48.8,0,0,0,0,0,0,0,0,2880,32,128,32,1600,32,0,0,0,0,10,4,7
40.1,48.1,0,0,0,0,0,0,0,0,2880,32,128,32,1600,32,0,0,0,0,10,4,7
44.0,36.3,0,0,0,0,0,0,0,0,2880,32,128,32,1600,32,0,0,0,0,10,4,7
29.5,25.0,0,0,0,0,0,0,0,0,2880,32,128,32,1600,32,0,0,0,0,10,4,7
11.9,44.9,0,0,0,0,0,0,0,0,2880,32,128,32,1600,32,0,0,0,0,10,4,7
39.9,20.1,0,0,0,0,0,0,0,0,2880,32,128,32,1600,32,0,0,0,0,10,4,7
49.6,34.3,0,0,0,0,0,0,0,0,2880,32,128,32,1600,32,0,0,0,0,10,4,7
41.0,32.0,0,0,0,0,0,0,0,0,2880,32,128,32,1600,32,0,0,0,0,10,4,7
49.0,45.6,0,0,0,0,0,0,0,0,2880,32,128,32,1600,32,0,0,0,0,10,4,7
8.9,20.0,0,0,0,0,0,0,0,0,2880,32,128,32,1600,32,0,0,0,0,10,4,7
11.7,38.8,0,0,0,0,0,0,0,0,2880,32,128,32,1600,32,0,0,0,0,10,4,7
13.8,6.7,0,0,0,0,0,0,0,0,2880,32,128,32,1600,32,0,0,0,0,10,4,7
48.5,36.1,0,0,0,0,0,0,0,0,2880,32,128,32,1600,32,0,0,0,0,10,4,7
25.8,16.0,0,0,0,0,0,0,0,0,2880,32,128,32,1600,32,0,0,0,0,10,4,7
43.4,1.6,0,0,0,0,0,0,0,0,2880,32,128,32,1600,32,0,0,0,0,10,4,7
48.1,22.1,0,0,0,0,0,0,0,0,2880,32,128,32,1600,32,0,0,0,0,10,4,7
10.2,10.8,0,0,0,0,0,0,0,0,2880,32,128,32,1600,32,0,0,0,0,10,4,7
34.3,29.8,0,0,0,0,0,0,0,0,2880,32,128,32,1600,32,0,0,0,0,10,4,7
36.9,25.6,0,0,0,0,0,0,0,0,2880,32,128,32,1600,32,0,0,0,0,10,4,7
11.3,13.9,0,0,0,0,0,0,0,0,2880,32,128,32,1600,32,0,0,0,0,10,4,7
49.1,17.6,0,0,0,0,0,0,0,0,2880,32,128,32,1600,32,0,0,0,0,10,4,7
42.2,35.3,0,0,0,0,0,0,0,0,2880,32,128,32,1600,32,0,0,0,0,10,4,7
5.0,5.3,0,0,0,0,0,0,0,0,2880,32,128,32,1600,32,0,0,0,0,10,4,7
38.9,20.4,0,0,0,0,0,0,0,0,2880,32,128,32,1600,32,0,0,0,0,10,4,7
35.1,7.1,0,0,0,0,0,0,0,0,2880,32,128,32,1600,32,0,0,0,0,10,4,7
2.4,10.4,0,0,0,0,0,0,0,0,2880,32,128,32,1600,32,0,0,0,0,10,4,7
45.4,28.0,0,0,0,0,0,0,0,0,2880,32,128,32,1600,32,0,0,0,0,10,4,7
10.4,33.1,0,0,0,0,0,0,0,0,2880,32,128,32,1600,32,0,0,0,0,10,4,7
29.9,6.7,0,0,0,0,0,0,0,0,2880,32,128,32,1600,32,0,0,0,0,10,4,7
45.8,45.6,0,0,0,0,0,0,0,0,2880,32,128,32,1600,32,0,0,0,0,10,4,7
49.0,23.2,0,0,0,0,0,0,0,0,2880,32,128,32,1600,32,0,0,0,0,10,4,7
15.9,22.0,0,0,0,0,0,0,0,0,2880,32,128,32,1600,32,0,0,0,0,10,4,7
8.6,35.2,0,0,0,0,0,0,0,0,2880,32,128,32,1600,32,0,0,0,0,10,4,7
34.5,31.0,0,0,0,0,0,0,0,0,2880,32,128,32,1600,32,0,0,0,0,10,4,7
9.5,9.7,0,0,0,0,0,0,0,0,2880,32,128,32,1600,32,0,0,0,0,10,4,7
10.1,13.2,0,0,0,0,0,0,0,0,2880,32,128,32,1600,32,0,0,0,0,10,4,7
25.6,7.2,0,0,0,0,0,0,0,0,2880,32,128,32,1600,32,0,0,0,0,10,4,7
24.5,31.9,0,0,0,0,0,0,0,0,2880,32,128,32,1600,32,0,0,0,0,10,4,7
47.5,10.7,0,0,0,0,0,0,0,0,2880,32,128,32,1600,32,0,0,0,0,10,4,7
22.2,34.6,0,0,0,0,0,0,0,0,2880,32,128,32,1600,32,0,0,0,0,10,4,7
33.5,6.6,0,0,0,0,0,0,0,0,2880,32,128,32,1600,32,0,0,0,0,10,4,7
23.2,46.9,0,0,0,0,0,0,0,0,2880,32,128,32,1600,32,0,0,0,0,10,4,7
40.6,24.6,0,0,0,0,0,0,0,0,2880,32,128,32,1600,32,0,0,0,0,10,4,7
17.2,29.9,0,0,0,0,0,0,0,0,2880,32,128,32,1600,32,0,0,0,0,10,4,7
40.7,27.0,0,0,0,0,0,0,0,0,2880,32,128,32,1600,32,0,0,0,0,10,4,7
21.8,39.9,0,0,0,0,0,0,0,0,2880,32,128,32,1600,32,0,0,0,0,10,4,7
8.0,1.9,0,0,0,0,0,0,0,0,2880,32,128,32,1600,32,0,0,0,0,10,4,7
43.5,27.4,0,0,0,0,0,0,0,0,2880,32,128,32,1600,32,0,0,0,0,10,4,7
31.7,23.3,0,0,0,0,0,0,0,0,2880,32,128,32,1600,32,0,0,0,0,10,4,7
7.5,3.3,0,0,0,0,0,0,0,0,2880,32,128,32,1600,32,0,0,0,0,10,4,7
20.3,21.6,0,0,0,0,0,0,0,0,2880,32,128,32,1600,32,0,0,0,0,10,4,7
49.8,42.7,0,0,0,0,0,0,0,0,2880,32,128,32,1600,32,0,0,0,0,10,4,7
8.9,17.3,0,0,0,0,0,0,0,0,2880,32,128,32,1600,32,0,0,0,0,10,4,7
23.6,20.1,0,0,0,0,0,0,0,0,2880,32,128,32,1600,32,0,0,0,0,10,4,7
30.2,37.6,0,0,0,0,0,0,0,0,2880,32,128,32,1600,32,0,0,0,0,10,4,7
40.1,49.9,0,0,0,0,0,0,0,0,2880,32,128,32,1600,32,0,0,0,0,10,4,7
44.9,39.3,0,0,0,0,0,0,0,0,2880,32,128,32,1600,32,0,0,0,0,10,4,7
25.0,11.1,0,0,0,0,0,0,0,0,2880,32,128,32,1600,32,0,0,0,0,10,4,7
48.7,38.7,0,0,0,0,0,0,0,0,2880,32,128,32,1600,32,0,0,0,0,10,4,7
18.5,9.7,0,0,0,0,0,0,0,0,2880,32,128,32,1600,32,0,0,0,0,10,4,7
16.9,38.7,0,0,0,0,0,0,0,0,2880,32,128,32,1600,32,0,0,0,0,10,4,7
27.2,40.6,0,0,0,0,0,0,0,0,2880,32,128,32,1600,32,0,0,0,0,10,4,7
40.3,7.4,0,0,0,0,0,0,0,0,2880,32,128,32,1600,32,0,0,0,0,10,4,7
38.1,3.5,0,0,0,0,0,0,0,0,2880,32,128,32,1600,32,0,0,0,0,10,4,7
40.6,34.5,0,0,0,0,0,0,0,0,2880,32,128,32,1600,32,0,0,0,0,10,4,7
20.9,43.3,0,0,0,0,0,0,0,0,2880,32,128,32,1600,32,0,0,0,0,10,4,7
21.0,2.1,0,0,0,0,0,0,0,0,2880,32,128,32,1600,32,0,0,0,0,10,4,7
47.5,4.4,0,0,0,0,0,0,0,0,2880,32,128,32,1600,32,0,0,0,0,10,4,7
7.7,16.3,0,0,0,0,0,0,0,0,2880,32,128,32,1600,32,0,0,0,0,10,4,7
35.1,37.9,0,0,0,0,0,0,0,0,2880,32,128,32,1600,32,0,0,0,0,10,4,7
44.4,9.8,0,0,0,0,0,0,0,0,2880,32,128,32,1600,32,0,0,0,0,10,4,7
27.2,20.0,0,0,0,0,0,0,0,0,2880,32,128,32,1600,32,0,0,0,0,10,4,7
29.6,29.8,0,0,0,0,0,0,0,0,2880,32,128,32,1600,32,0,0,0,0,10,4,7
18.1,18.2,0,0,0,0,0,0,0,0,2880,32,128,32,1600,32,0,0,0,0,10,4,7
10.7,2.8,0,0,0,0,0,0,0,0,2880,32,128,32,1600,32,0,0,0,0,10,4,7
9.6,45.3,0,0,0,0,0,0,0,0,2880,32,128,32,1600,32,0,0,0,0,10,4,7
41.5,30.9,0,0,0,0,0,0,0,0,2880,32,128,32,1600,32,0,0,0,0,10,4,7
7.1,18.0,0,0,0,0,0,0,0,0,2880,32,128,32,1600,32,0,0,0,0,10,4,7
6.9,2.3,0,0,0,0,0,0,0,0,2880,32,128,32,1600,32,0,0,0,0,10,4,7
34.8,38.3,0,0,0,0,0,0,0,0,2880,32,128,32,1600,32,0,0,0,0,10,4,7
44.0,22.8,0,0,0,0,0,0,0,0,2880,32,128,32,1600,32,0,0,0,0,10,4,7
11.3,27.3,0,0,0,0,0,0,0,0,2880,32,128,32,1600,32,0,0,0,0,10,4,7
34.5,48.5,0,0,0,0,0,0,0,0,2880,32,128,32,1600,32,0,0,0,0,10,4,7
34.9,37.3,0,0,0,0,0,0,0,0,2880,32,128,32,1600,32,0,0,0,0,10,4,7
9.7,39.3,0,0,0,0,0,0,0,0,2880,32,128,32,1600,32,0,0,0,0,10,4,7
28.1,7.3,0,0,0,0,0,0,0,0,2880,32,128,32,1600,32,0,0,0,0,10,4,7
3.9,40.4,0,0,0,0,0,0,0,0,2880,32,128,32,1600,32,0,0,0,0,10,4,7
2.0,18.9,0,0,0,0,0,0,0,0,2880,32,128,32,1600,32,0,0,0,0,10,4,7
1.5,45.7,0,0,0,0,0,0,0,0,2880,32,128,32,1600,32,0,0,0,0,10,4,7
32.0,13.7,0,0,0,0,0,0,0,0,2880,32,128,32,1600,32,0,0,0,0,10,4,7
45.4,41.0,0,0,0,0,0,0,0,0,2880,32,128,32,1600,32,0,0,0,0,10,4,7
16.9,6.2,0,0,0,0,0,0,0,0,2880,32,128,32,1600,32,0,0,0,0,10,4,7
34.3,4.7,0,0,0,0,0,0,0,0,2880,32,128,32,1600,32,0,0,0,0,10,4,7
25.0,5.9,0,0,0,0,0,0,0,0,2880,32,128,32,1600,32,0,0,0,0,10,4,7
44.9,12.3,0,0,0,0,0,0,0,0,2880,32,128,32,1600,32,0,0,0,0,10,4,7
23.4,46.5,0,0,0,0,0,0,0,0,2880,32,128,32,1600,32,0,0,0,0,10,4,7
4.9,31.0,0,0,0,0,0,0,0,0,2880,32,128,32,1600,32,0,0,0,0,10,4,7
= = = = = = = = = = = =
