tricky
0,96,0,0,0,0,0,0,0,28800,2560,128,6400,256,640,20,10,30,10
0,62,0,0,0,0,0,0,0,28800,2560,128,6400,256,640,20,10,30,10
= = = = = = = = = = = =
bla
bla
0,3,0,0,0,0,0,0,0,28800,2560,128,6400,256,640,20,10,30,10
30,1,0,0,0,0,0,0,0,28800,2560,128,6400,256,640,20,10,30,10
= = = = = = = = = = = =
dummy_collector
21,21,0,0,0,0,0,0,0,28800,2560,128,6400,256,640,20,10,30,10
21,24,0,0,0,0,0,0,0,28800,2560,128,6400,256,640,20,10,30,10
= = = = = = = = = = = =
dummy_forwarder
13,16,0,0,0,0,0,0,0,28800,2560,128,6400,256,640,20,10,30,10
32,17,0,0,0,0,0,0,0,28800,2560,128,6400,256,640,20,10,30,10
62,18,0,0,0,0,0,0,0,28800,2560,128,6400,256,640,20,10,30,10
78,18,0,0,0,0,0,0,0,28800,2560,128,6400,256,640,20,10,30,10
= = = = = = = = = = = =
dummy_forward
0,11,0,0,0,0,0,0,0,28800,2560,128,6400,256,640,20,10,30,10
1,22,0,0,0,0,0,0,0,28800,2560,128,6400,256,640,20,10,30,10
1,56,0,0,0,0,0,0,0,28800,2560,128,6400,256,640,20,10,30,10
0,65,0,0,0,0,0,0,0,28800,2560,128,6400,256,640,20,10,30,10
= = = = = = = = = = = =
dummy_forward
11,12,0,0,0,0,0,0,0,28800,2560,128,6400,256,640,20,10,30,10
22,12,0,0,0,0,0,0,0,28800,2560,128,6400,256,640,20,10,30,10
32,12,0,0,0,0,0,0,0,28800,2560,128,6400,256,640,20,10,30,10
= = = = = = = = = = = =
kind_of_real
10,8,0,0,0,0,0,0,0,28800,2560,128,6400,256,640,20,10,30,10
8,11,0,0,0,0,0,0,0,28800,2560,128,6400,256,640,20,10,30,10
31,24,0,0,0,0,0,0,0,28800,2560,128,6400,256,640,20,10,30,10
= = = = = = = = = = = =
