tricky
1,0,96,0
1,7,95,0
1,13,96,0
1,17,95,0
1,20,95,0
1,27,95,0
1,32,95,0
1,34,95,0
1,38,95,0
1,43,96,0
1,47,95,0
1,53,96,0
1,57,96,0
1,68,96,0
1,74,96,0
1,78,96,0
1,85,96,0
1,91,96,0
1,94,96,0
1,98,96,0
2,0,62,0
2,5,65,0
2,11,66,0
2,15,67,0
2,19,70,0
2,25,74,0
2,33,77,0
2,41,83,0
2,42,90,0
2,45,92,0
= = = = = = = = = = = =
bla
bla
1,0,3,0
1,6,3,0
1,11,3,0
1,17,3,0
1,22,3,0
1,28,2,0
1,34,2,0
1,39,3,0
2,30,1,0
2,30,1,0
2,32,1,0
2,33,1,0
2,0,22,0
2,7,20,0
2,19,14,0
2,24,12,0
2,29,10,0
2,34,7,0
2,35,5,0
= = = = = = = = = = = =
dummy_collector
1,21,21,0
1,74,22,0
2,21,24,0
2,25,72,0
2,74,72,0
= = = = = = = = = = = =
dummy_forwarder
1,13,16,0
2,32,17,0
3,62,18,0
4,78,18,0
= = = = = = = = = = = =
dummy_forward
1,0,11,0
1,29,12,0
1,65,9,0
1,90,11,0
2,1,22,0
2,16,22,0
2,51,25,0
2,66,23,0
2,78,22,0
2,94,16,0
3,1,56,0
3,18,48,0
3,38,35,0
3,60,29,0
3,83,21,0
3,94,19,0
4,0,65,0
4,26,65,0
4,49,64,0
4,73,62,0
4,84,56,0
4,94,43,0
4,96,31,0
= = = = = = = = = = = =
dummy_forward
1,11,12,0
2,22,12,0
3,32,12,0
= = = = = = = = = = = =
kind_of_real
1,10,8,0
1,38,8,0
1,38,24,0
2,8,11,0
2,32,21,0
2,8,34,0
3,31,24,0
3,9,38,0
3,31,45,0
= = = = = = = = = = = =
